0 0 0 10120 50.445
1 0 0 10120 50.445
2 0 0 10120 50.445
3 0 0 10120 50.445
4 0 0 10120 50.445
5 0 0 10120 50.445
6 0 0 10120 50.445
7 0 0 10120 50.445
8 0 0 10120 50.445
9 0 0 10120 50.445
10 0 0 10120 50.445
11 0 0 10120 50.445
12 0 0 10120 50.445
13 0 0 10120 50.445
14 0 0 10120 50.445
15 0 0 10120 50.445
16 23.2823 3.88038 10120 50.445
17 46.5646 7.76077 10120 50.445
18 58.2058 15.5215 10120 50.445
19 85.3685 15.5215 10120 50.445
20 120.292 15.5215 10120 50.445
21 151.335 15.5215 10120 50.445
22 205.66 15.5215 10120 50.445
23 256.105 19.4019 10120 50.445
24 368.637 19.4019 10120 50.445
25 477.287 19.4019 10120 50.445
26 585.938 19.4019 10120 50.445
27 733.393 23.2823 10120 50.445
28 876.967 23.2823 10120 50.445
29 1043.82 19.4019 10120 50.445
30 1199.04 27.1627 10120 50.445
31 1362.01 31.0431 10120 50.445
32 1521.11 31.0431 10120 50.445
33 1695.73 31.0431 10120 50.445
34 1959.59 34.9235 10120 50.445
35 2122.57 34.9235 10120 50.445
36 2378.68 34.9235 10120 50.445
37 2611.5 34.9235 10120 50.445
38 2910.29 34.9235 10120 50.445
39 3189.68 38.8038 10120 50.445
40 3569.95 38.8038 10120 50.445
41 3915.31 38.8038 10120 50.445
42 4280.06 38.8038 10120 50.445
43 4629.3 38.8038 10120 50.445
44 5032.86 38.8038 10120 50.445
45 5479.1 38.8038 10120 50.445
46 5808.94 38.8038 10120 50.445
47 6158.17 38.8038 10120 50.445
48 6390.99 38.8038 10120 50.445
49 6751.87 34.9235 10120 50.445
50 7066.18 34.9235 10120 50.445
51 7310.64 34.9235 10120 50.445
52 7570.63 34.9235 10120 50.445
53 7749.13 38.8038 10120 50.445
54 7962.55 38.8038 10120 50.445
55 8164.33 42.6842 10120 50.445
56 8288.5 42.6842 10120 50.445
57 8447.6 38.8038 10120 50.445
58 8610.57 38.8038 10120 50.445
59 8664.9 34.9235 10120 50.445
60 8777.43 34.9235 10120 50.445
61 8901.6 42.6842 10120 50.445
62 8955.93 42.6842 10120 50.445
63 9045.18 46.5646 10120 50.445
64 9095.62 46.5646 10120 50.445
65 9161.59 50.445 10120 50.445
66 9258.6 50.445 10120 50.445
67 9305.16 50.445 10120 50.445
68 9343.97 50.445 10120 50.445
69 9406.05 50.445 10120 50.445
70 9456.5 50.445 10120 50.445
71 9464.26 50.445 10120 50.445
72 9503.06 50.445 10120 50.445
73 9530.22 50.445 10120 50.445
74 9526.34 50.445 10120 50.445
75 9580.67 50.445 10120 50.445
76 9623.35 50.445 10120 50.445
77 9634.99 50.445 10120 50.445
78 9669.92 50.445 10120 50.445
79 9704.84 50.445 10120 50.445
80 9720.36 50.445 10120 50.445
81 9735.88 50.445 10120 50.445
82 9763.05 50.445 10120 50.445
83 9797.97 50.445 10120 50.445
84 9813.49 50.445 10120 50.445
85 9852.3 50.445 10120 50.445
86 9867.82 50.445 10120 50.445
87 9856.18 54.3254 10120 50.445
88 9863.94 54.3254 10120 50.445
89 9894.98 54.3254 10120 50.445
90 9922.14 54.3254 10120 50.445
91 9949.31 54.3254 10120 50.445
92 9953.19 54.3254 10120 50.445
93 9960.95 54.3254 10120 50.445
94 9964.83 54.3254 10120 50.445
95 9968.71 54.3254 10120 50.445
96 9968.71 54.3254 10120 50.445
97 9968.71 54.3254 10120 50.445
98 9972.59 54.3254 10120 50.445
99 9984.23 54.3254 10120 50.445
