0 10120 50.445 10120 50.445
1 10120 50.445 10120 50.445
2 10120 50.445 10120 50.445
3 10120 50.445 10120 50.445
4 10120 50.445 10120 50.445
5 10120 50.445 10120 50.445
6 10120 50.445 10120 50.445
7 10120 50.445 10120 50.445
8 10120 50.445 10120 50.445
9 10120 50.445 10120 50.445
10 10120 50.445 10120 50.445
11 10120 50.445 10120 50.445
12 10120 50.445 10120 50.445
13 10120 50.445 10120 50.445
14 10120 50.445 10120 50.445
15 10120 50.445 10120 50.445
16 10096.8 46.5646 10120 50.445
17 10073.5 42.6842 10120 50.445
18 10061.8 34.9235 10120 50.445
19 10034.7 34.9235 10120 50.445
20 9999.75 34.9235 10120 50.445
21 9968.71 34.9235 10120 50.445
22 9914.38 34.9235 10120 50.445
23 9863.94 31.0431 10120 50.445
24 9751.41 31.0431 10120 50.445
25 9642.75 31.0431 10120 50.445
26 9534.1 31.0431 10120 50.445
27 9386.65 27.1627 10120 50.445
28 9243.08 27.1627 10120 50.445
29 9076.22 31.0431 10120 50.445
30 8921 23.2823 10120 50.445
31 8758.03 19.4019 10120 50.445
32 8598.93 19.4019 10120 50.445
33 8424.31 19.4019 10120 50.445
34 8160.45 15.5215 10120 50.445
35 7997.47 15.5215 10120 50.445
36 7741.37 15.5215 10120 50.445
37 7508.54 15.5215 10120 50.445
38 7209.75 15.5215 10120 50.445
39 6930.37 11.6412 10120 50.445
40 6550.09 11.6412 10120 50.445
41 6204.73 11.6412 10120 50.445
42 5839.98 11.6412 10120 50.445
43 5490.74 11.6412 10120 50.445
44 5087.18 11.6412 10120 50.445
45 4640.94 11.6412 10120 50.445
46 4311.11 11.6412 10120 50.445
47 3961.87 11.6412 10120 50.445
48 3729.05 11.6412 10120 50.445
49 3368.17 15.5215 10120 50.445
50 3053.86 15.5215 10120 50.445
51 2809.4 15.5215 10120 50.445
52 2549.41 15.5215 10120 50.445
53 2370.91 11.6412 10120 50.445
54 2157.49 11.6412 10120 50.445
55 1955.71 7.76077 10120 50.445
56 1831.54 7.76077 10120 50.445
57 1672.45 11.6412 10120 50.445
58 1509.47 11.6412 10120 50.445
59 1455.14 15.5215 10120 50.445
60 1342.61 15.5215 10120 50.445
61 1218.44 7.76077 10120 50.445
62 1164.12 7.76077 10120 50.445
63 1074.87 3.88038 10120 50.445
64 1024.42 3.88038 10120 50.445
65 958.455 0 10120 50.445
66 861.445 0 10120 50.445
67 814.881 0 10120 50.445
68 776.077 0 10120 50.445
69 713.991 0 10120 50.445
70 663.546 0 10120 50.445
71 655.785 0 10120 50.445
72 616.981 0 10120 50.445
73 589.818 0 10120 50.445
74 593.699 0 10120 50.445
75 539.373 0 10120 50.445
76 496.689 0 10120 50.445
77 485.048 0 10120 50.445
78 450.125 0 10120 50.445
79 415.201 0 10120 50.445
80 399.68 0 10120 50.445
81 384.158 0 10120 50.445
82 356.995 0 10120 50.445
83 322.072 0 10120 50.445
84 306.55 0 10120 50.445
85 267.747 0 10120 50.445
86 252.225 0 10120 50.445
87 263.866 -3.88038 10120 50.445
88 256.105 -3.88038 10120 50.445
89 225.062 -3.88038 10120 50.445
90 197.9 -3.88038 10120 50.445
91 170.737 -3.88038 10120 50.445
92 166.857 -3.88038 10120 50.445
93 159.096 -3.88038 10120 50.445
94 155.215 -3.88038 10120 50.445
95 151.335 -3.88038 10120 50.445
96 151.335 -3.88038 10120 50.445
97 151.335 -3.88038 10120 50.445
98 147.455 -3.88038 10120 50.445
99 135.813 -3.88038 10120 50.445
