0 211.365 78.2061 211.365 78.2061
1 211.365 78.2061 211.365 78.2061
2 211.365 78.2061 211.365 78.2061
3 211.365 78.2061 211.365 78.2061
4 211.365 78.2061 211.365 78.2061
5 211.365 78.2061 211.365 78.2061
6 211.365 78.2061 211.365 78.2061
7 211.365 78.2061 211.365 78.2061
8 211.365 78.2061 211.365 78.2061
9 211.365 78.2061 211.365 78.2061
10 211.365 78.2061 211.365 78.2061
11 211.365 78.2061 211.365 78.2061
12 211.365 78.2061 211.365 78.2061
13 211.365 78.2061 211.365 78.2061
14 211.365 78.2061 211.365 78.2061
15 211.365 78.2061 211.365 78.2061
16 210.673 78.0475 211.365 78.2061
17 210.086 77.9412 211.365 78.2061
18 208.967 77.5147 211.365 78.2061
19 207.85 77.1422 211.365 78.2061
20 206.571 76.611 211.365 78.2061
21 204.384 76.0794 211.365 78.2061
22 202.201 74.8531 211.365 78.2061
23 199.592 73.9447 211.365 78.2061
24 195.705 72.6683 211.365 78.2061
25 190.647 71.2315 211.365 78.2061
26 186.809 69.4728 211.365 78.2061
27 181.857 67.8755 211.365 78.2061
28 175.521 65.1041 211.365 78.2061
29 168.645 62.6477 211.365 78.2061
30 160.177 59.2376 211.365 78.2061
31 150.212 55.3462 211.365 78.2061
32 140.945 51.7224 211.365 78.2061
33 130.497 47.5095 211.365 78.2061
34 117.983 42.9844 211.365 78.2061
35 105.578 37.6067 211.365 78.2061
36 93.6517 33.1866 211.365 78.2061
37 81.4549 28.8748 211.365 78.2061
38 69.2488 24.3981 211.365 78.2061
39 56.8409 20.5638 211.365 78.2061
40 47.0451 17.0446 211.365 78.2061
41 39.9614 14.4873 211.365 78.2061
42 34.2034 12.4081 211.365 78.2061
43 30.1539 10.7577 211.365 78.2061
44 27.2242 8.9461 211.365 78.2061
45 24.1346 7.82906 211.365 78.2061
46 20.8272 7.29696 211.365 78.2061
47 18.2686 6.49798 211.365 78.2061
48 16.2466 6.49831 211.365 78.2061
49 14.7011 6.12493 211.365 78.2061
50 13.584 5.32666 211.365 78.2061
51 12.0911 4.95356 211.365 78.2061
52 11.1856 4.63398 211.365 78.2061
53 10.2271 4.52711 211.365 78.2061
54 9.53502 4.31396 211.365 78.2061
55 8.95053 4.20763 211.365 78.2061
56 8.04495 3.8877 211.365 78.2061
57 7.29778 3.78126 211.365 78.2061
58 6.87178 3.56885 211.365 78.2061
59 6.60556 3.35624 211.365 78.2061
60 6.01938 3.30297 211.365 78.2061
61 5.75485 3.19676 211.365 78.2061
62 5.48708 3.14363 211.365 78.2061
63 5.32715 2.7711 211.365 78.2061
64 5.1144 2.5039 211.365 78.2061
65 4.74151 2.18459 211.365 78.2061
66 4.52868 2.07774 211.365 78.2061
67 4.20944 1.91824 211.365 78.2061
68 3.99563 1.81185 211.365 78.2061
69 3.72946 1.7057 211.365 78.2061
70 3.51658 1.54562 211.365 78.2061
71 3.41029 1.4925 211.365 78.2061
72 3.19659 1.38594 211.365 78.2061
73 2.98295 1.38594 211.365 78.2061
74 2.92926 1.2792 211.365 78.2061
75 2.76921 1.2792 211.365 78.2061
76 2.60973 1.17231 211.365 78.2061
77 2.55637 1.11877 211.365 78.2061
78 2.44985 1.11877 211.365 78.2061
79 2.28937 1.11877 211.365 78.2061
80 2.23617 1.01239 211.365 78.2061
81 2.1832 1.01239 211.365 78.2061
82 2.07697 0.905765 211.365 78.2061
83 2.07697 0.905765 211.365 78.2061
84 2.024 0.905765 211.365 78.2061
85 1.86398 0.905765 211.365 78.2061
86 1.811 0.905765 211.365 78.2061
87 1.75775 0.798925 211.365 78.2061
88 1.75775 0.798925 211.365 78.2061
89 1.65144 0.798925 211.365 78.2061
90 1.59818 0.745066 211.365 78.2061
91 1.54501 0.691679 211.365 78.2061
92 1.43821 0.691679 211.365 78.2061
93 1.43821 0.691679 211.365 78.2061
94 1.43821 0.638094 211.365 78.2061
95 1.38482 0.6374 211.365 78.2061
96 1.33161 0.6374 211.365 78.2061
97 1.33161 0.6374 211.365 78.2061
98 1.278 0.6374 211.365 78.2061
99 1.22452 0.6374 211.365 78.2061
