0 0 0  153.324 62.6353
1 0 0  153.324 62.6353
2 0 0  153.324 62.6353
3 0 0  153.324 62.6353
4 0 0  153.324 62.6353
5 0 0  153.324 62.6353
6 0 0  153.324 62.6353
7 0 0  153.324 62.6353
8 0 0  153.324 62.6353
9 0 0  153.324 62.6353
10 0 0  153.324 62.6353
11 0 0  153.324 62.6353
12 0 0  153.324 62.6353
13 0 0  153.324 62.6353
14 0 0  153.324 62.6353
15 0 0  153.324 62.6353
16 4.36758 1.93427  153.324 62.6353
17 11.4112 4.61438  153.324 62.6353
18 19.2623 7.46857  153.324 62.6353
19 29.2471 11.2114  153.324 62.6353
20 39.6507 15.2557  153.324 62.6353
21 50.6201 19.356  153.324 62.6353
22 60.6929 23.217  153.324 62.6353
23 70.0281 27.3492  153.324 62.6353
24 79.7753 31.3605  153.324 62.6353
25 88.932 34.9891  153.324 62.6353
26 96.6057 38.4091  153.324 62.6353
27 103.677 41.4979  153.324 62.6353
28 110.455 43.9966  153.324 62.6353
29 115.333 46.5856  153.324 62.6353
30 120.149 48.7256  153.324 62.6353
31 124.61 50.807  153.324 62.6353
32 128.862 52.5029  153.324 62.6353
33 131.952 53.9299  153.324 62.6353
34 134.837 54.9391  153.324 62.6353
35 136.826 56.217  153.324 62.6353
36 139.085 57.0503  153.324 62.6353
37 140.75 57.4967  153.324 62.6353
38 142.145 58.0317  153.324 62.6353
39 143.243 58.5066  153.324 62.6353
40 143.897 59.0421  153.324 62.6353
41 144.67 59.5185  153.324 62.6353
42 145.769 59.8445  153.324 62.6353
43 146.543 60.2007  153.324 62.6353
44 147.199 60.2896  153.324 62.6353
45 147.526 60.6454  153.324 62.6353
46 147.943 60.8243  153.324 62.6353
47 148.24 60.9432  153.324 62.6353
48 148.419 61.1508  153.324 62.6353
49 148.835 61.2103  153.324 62.6353
50 149.133 61.2995  153.324 62.6353
51 149.281 61.3591  153.324 62.6353
52 149.489 61.359  153.324 62.6353
53 149.667 61.4771  153.324 62.6353
54 149.786 61.5365  153.324 62.6353
55 149.994 61.655  153.324 62.6353
56 150.232 61.744  153.324 62.6353
57 150.44 61.8036  153.324 62.6353
58 150.559 61.8036  153.324 62.6353
59 150.647 61.8928  153.324 62.6353
60 150.886 61.9525  153.324 62.6353
61 150.945 61.9525  153.324 62.6353
62 151.094 62.0414  153.324 62.6353
63 151.273 62.0714  153.324 62.6353
64 151.302 62.0714  153.324 62.6353
65 151.421 62.1011  153.324 62.6353
66 151.54 62.0712  153.324 62.6353
67 151.63 62.1005  153.324 62.6353
68 151.719 62.1301  153.324 62.6353
69 151.779 62.2491  153.324 62.6353
70 151.808 62.2789  153.324 62.6353
71 151.838 62.2789  153.324 62.6353
72 151.927 62.3088  153.324 62.6353
73 151.927 62.3088  153.324 62.6353
74 151.957 62.3685  153.324 62.6353
75 152.017 62.3685  153.324 62.6353
76 152.047 62.3978  153.324 62.6353
77 152.105 62.3978  153.324 62.6353
78 152.135 62.4276  153.324 62.6353
79 152.135 62.4575  153.324 62.6353
80 152.195 62.4575  153.324 62.6353
81 152.254 62.4575  153.324 62.6353
82 152.254 62.4575  153.324 62.6353
83 152.254 62.4575  153.324 62.6353
84 152.284 62.4575  153.324 62.6353
85 152.373 62.4872  153.324 62.6353
86 152.432 62.4872  153.324 62.6353
87 152.462 62.4872  153.324 62.6353
88 152.462 62.4872  153.324 62.6353
89 152.522 62.4872  153.324 62.6353
90 152.522 62.5169  153.324 62.6353
91 152.551 62.5466  153.324 62.6353
92 152.551 62.5466  153.324 62.6353
93 152.581 62.5466  153.324 62.6353
94 152.581 62.5762  153.324 62.6353
95 152.581 62.5762  153.324 62.6353
96 152.61 62.5762  153.324 62.6353
97 152.64 62.5762  153.324 62.6353
98 152.64 62.5762  153.324 62.6353
99 152.67 62.5762  153.324 62.6353
