0 0 0  220.274 83.1124
1 0 0  220.274 83.1124
2 0 0  220.274 83.1124
3 0 0  220.274 83.1124
4 0 0  220.274 83.1124
5 0 0  220.274 83.1124
6 0 0  220.274 83.1124
7 0 0  220.274 83.1124
8 0 0  220.274 83.1124
9 0 0  220.274 83.1124
10 0 0  220.274 83.1124
11 0 0  220.274 83.1124
12 0 0  220.274 83.1124
13 0 0  220.274 83.1124
14 0 0  220.274 83.1124
15 0 0  220.274 83.1124
16 0.885246 0.344462  220.274 83.1124
17 1.96502 0.491637  220.274 83.1124
18 3.24021 1.08093  220.274 83.1124
19 4.41927 2.16084  220.274 83.1124
20 6.18666 2.84842  220.274 83.1124
21 8.6941 3.87952  220.274 83.1124
22 11.3604 5.45014  220.274 83.1124
23 14.6023 7.11978  220.274 83.1124
24 19.2677 8.8398  220.274 83.1124
25 23.9275 10.9525  220.274 83.1124
26 29.2296 13.1102  220.274 83.1124
27 35.7512 15.8113  220.274 83.1124
28 43.6426 18.3892  220.274 83.1124
29 52.8252 22.0712  220.274 83.1124
30 62.5295 24.6244  220.274 83.1124
31 72.9401 27.8891  220.274 83.1124
32 84.4838 32.3001  220.274 83.1124
33 97.382 36.8643  220.274 83.1124
34 110.214 42.313  220.274 83.1124
35 122.983 48.2495  220.274 83.1124
36 136.635 52.6658  220.274 83.1124
37 149.338 57.3768  220.274 83.1124
38 160.365 61.6442  220.274 83.1124
39 169.333 64.6848  220.274 83.1124
40 177.136 67.2398  220.274 83.1124
41 184.053 68.8115  220.274 83.1124
42 189.111 70.7281  220.274 83.1124
43 192.675 72.0063  220.274 83.1124
44 195.525 73.0223  220.274 83.1124
45 198.177 74.1395  220.274 83.1124
46 200.485 74.7283  220.274 83.1124
47 202.447 75.2695  220.274 83.1124
48 203.968 76.0562  220.274 83.1124
49 205.984 76.7419  220.274 83.1124
50 207.066 77.4299  220.274 83.1124
51 208.343 77.9704  220.274 83.1124
52 209.226 78.4117  220.274 83.1124
53 209.866 78.7064  220.274 83.1124
54 210.505 79.0984  220.274 83.1124
55 211.144 79.2835  220.274 83.1124
56 211.685 79.6258  220.274 83.1124
57 212.423 79.724  220.274 83.1124
58 212.717 80.1153  220.274 83.1124
59 213.011 80.3122  220.274 83.1124
60 213.503 80.5079  220.274 83.1124
61 213.945 80.6069  220.274 83.1124
62 214.386 80.7542  220.274 83.1124
63 214.729 80.9993  220.274 83.1124
64 214.876 81.3433  220.274 83.1124
65 215.123 81.4411  220.274 83.1124
66 215.221 81.49  220.274 83.1124
67 215.368 81.6386  220.274 83.1124
68 215.663 81.6878  220.274 83.1124
69 215.908 81.786  220.274 83.1124
70 216.055 81.884  220.274 83.1124
71 216.348 81.884  220.274 83.1124
72 216.545 81.884  220.274 83.1124
73 216.791 81.9334  220.274 83.1124
74 216.841 81.9334  220.274 83.1124
75 217.037 81.9823  220.274 83.1124
76 217.134 82.0316  220.274 83.1124
77 217.282 82.0316  220.274 83.1124
78 217.282 82.0316  220.274 83.1124
79 217.429 82.0316  220.274 83.1124
80 217.527 82.0806  220.274 83.1124
81 217.527 82.1786  220.274 83.1124
82 217.576 82.1786  220.274 83.1124
83 217.625 82.2279  220.274 83.1124
84 217.674 82.2771  220.274 83.1124
85 217.87 82.2771  220.274 83.1124
86 217.968 82.3753  220.274 83.1124
87 218.312 82.3753  220.274 83.1124
88 218.459 82.5228  220.274 83.1124
89 218.509 82.5228  220.274 83.1124
90 218.608 82.5228  220.274 83.1124
91 218.657 82.5228  220.274 83.1124
92 218.754 82.5228  220.274 83.1124
93 218.901 82.5718  220.274 83.1124
94 219.049 82.5718  220.274 83.1124
95 219.097 82.5718  220.274 83.1124
96 219.097 82.5718  220.274 83.1124
97 219.097 82.621  220.274 83.1124
98 219.097 82.621  220.274 83.1124
99 219.097 82.621  220.274 83.1124
