0 0 0  224.013 78.8755
1 0 0  224.013 78.8755
2 0 0  224.013 78.8755
3 0 0  224.013 78.8755
4 0 0  224.013 78.8755
5 0 0  224.013 78.8755
6 0 0  224.013 78.8755
7 0 0  224.013 78.8755
8 0 0  224.013 78.8755
9 0 0  224.013 78.8755
10 0 0  224.013 78.8755
11 0 0  224.013 78.8755
12 0 0  224.013 78.8755
13 0 0  224.013 78.8755
14 0 0  224.013 78.8755
15 0 0  224.013 78.8755
16 0.579959 0.17327  224.013 78.8755
17 1.2171 0.462587  224.013 78.8755
18 2.60781 0.751654  224.013 78.8755
19 3.59387 1.38796  224.013 78.8755
20 5.154 2.08184  224.013 78.8755
21 7.0042 2.42859  224.013 78.8755
22 9.37539 2.89142  224.013 78.8755
23 12.0338 3.70235  224.013 78.8755
24 14.6392 5.20473  224.013 78.8755
25 18.5665 6.30475  224.013 78.8755
26 23.4278 7.86597  224.013 78.8755
27 28.6257 9.66057  224.013 78.8755
28 34.5838 11.742  224.013 78.8755
29 41.8664 14.2842  224.013 78.8755
30 48.6907 17.4633  224.013 78.8755
31 57.7766 20.9877  224.013 78.8755
32 66.9115 24.2841  224.013 78.8755
33 78.2481 27.5799  224.013 78.8755
34 87.9056 31.1679  224.013 78.8755
35 100.055 35.6233  224.013 78.8755
36 111.556 39.0374  224.013 78.8755
37 124.863 43.6624  224.013 78.8755
38 137.461 48.0087  224.013 78.8755
39 149.894 54.0219  224.013 78.8755
40 162.036 57.485  224.013 78.8755
41 171.797 61.2996  224.013 78.8755
42 180.359 64.1334  224.013 78.8755
43 186.66 65.8106  224.013 78.8755
44 192.906 67.8299  224.013 78.8755
45 198.454 69.045  224.013 78.8755
46 201.862 70.3731  224.013 78.8755
47 205.163 71.4131  224.013 78.8755
48 206.783 72.2204  224.013 78.8755
49 208.576 73.2045  224.013 78.8755
50 209.561 74.0706  224.013 78.8755
51 211.123 74.6488  224.013 78.8755
52 212.511 74.8221  224.013 78.8755
53 213.78 75.5738  224.013 78.8755
54 214.589 76.0942  224.013 78.8755
55 215.861 76.2679  224.013 78.8755
56 216.439 76.7318  224.013 78.8755
57 217.193 76.9632  224.013 78.8755
58 217.543 77.078  224.013 78.8755
59 217.773 77.1933  224.013 78.8755
60 218.12 77.3684  224.013 78.8755
61 218.467 77.4272  224.013 78.8755
62 219.16 77.7165  224.013 78.8755
63 219.739 77.8326  224.013 78.8755
64 220.145 77.8326  224.013 78.8755
65 220.434 77.8326  224.013 78.8755
66 220.607 77.8904  224.013 78.8755
67 220.897 77.8904  224.013 78.8755
68 221.012 78.064  224.013 78.8755
69 221.127 78.1215  224.013 78.8755
70 221.416 78.2376  224.013 78.8755
71 221.648 78.2953  224.013 78.8755
72 221.763 78.3529  224.013 78.8755
73 221.879 78.3529  224.013 78.8755
74 221.994 78.2955  224.013 78.8755
75 222.052 78.2955  224.013 78.8755
76 222.224 78.2955  224.013 78.8755
77 222.397 78.4124  224.013 78.8755
78 222.455 78.4124  224.013 78.8755
79 222.628 78.4124  224.013 78.8755
80 222.628 78.4124  224.013 78.8755
81 222.743 78.4703  224.013 78.8755
82 222.858 78.4703  224.013 78.8755
83 222.858 78.5279  224.013 78.8755
84 222.916 78.5279  224.013 78.8755
85 222.973 78.5279  224.013 78.8755
86 223.031 78.586  224.013 78.8755
87 223.031 78.7012  224.013 78.8755
88 222.973 78.7012  224.013 78.8755
89 223.03 78.6436  224.013 78.8755
90 223.088 78.6436  224.013 78.8755
91 223.088 78.6436  224.013 78.8755
92 223.088 78.6436  224.013 78.8755
93 223.145 78.6436  224.013 78.8755
94 223.203 78.6436  224.013 78.8755
95 223.203 78.6436  224.013 78.8755
96 223.203 78.6436  224.013 78.8755
97 223.261 78.6436  224.013 78.8755
98 223.376 78.6436  224.013 78.8755
99 223.376 78.6436  224.013 78.8755
