0 0 0  220.948 80.7833
1 0 0  220.948 80.7833
2 0 0  220.948 80.7833
3 0 0  220.948 80.7833
4 0 0  220.948 80.7833
5 0 0  220.948 80.7833
6 0 0  220.948 80.7833
7 0 0  220.948 80.7833
8 0 0  220.948 80.7833
9 0 0  220.948 80.7833
10 0 0  220.948 80.7833
11 0 0  220.948 80.7833
12 0 0  220.948 80.7833
13 0 0  220.948 80.7833
14 0 0  220.948 80.7833
15 0 0  220.948 80.7833
16 0.387958 0.165661  220.948 80.7833
17 1.22025 0.221031  220.948 80.7833
18 1.77452 0.387696  220.948 80.7833
19 3.27147 0.998781  220.948 80.7833
20 5.21518 1.61  220.948 80.7833
21 6.9939 2.16421  220.948 80.7833
22 9.76701 3.27381  220.948 80.7833
23 12.6517 4.10685  220.948 80.7833
24 15.9797 5.60742  220.948 80.7833
25 20.2555 7.27271  220.948 80.7833
26 24.9159 8.49499  220.948 80.7833
27 29.6333 10.2147  220.948 80.7833
28 35.0217 12.8242  220.948 80.7833
29 40.6266 15.4336  220.948 80.7833
30 48.5629 18.599  220.948 80.7833
31 57.614 21.2637  220.948 80.7833
32 67.3903 24.7053  220.948 80.7833
33 76.3331 29.9246  220.948 80.7833
34 89.7144 34.1382  220.948 80.7833
35 101.263 38.4102  220.948 80.7833
36 115.642 43.1272  220.948 80.7833
37 128.127 47.6804  220.948 80.7833
38 142.509 52.2328  220.948 80.7833
39 155.27 56.7366  220.948 80.7833
40 165.104 60.5664  220.948 80.7833
41 175.098 63.8416  220.948 80.7833
42 181.7 66.6186  220.948 80.7833
43 188.136 68.118  220.948 80.7833
44 193.022 69.8401  220.948 80.7833
45 196.466 71.007  220.948 80.7833
46 199.741 71.9503  220.948 80.7833
47 202.516 73.0619  220.948 80.7833
48 204.739 73.8932  220.948 80.7833
49 206.125 74.8393  220.948 80.7833
50 207.456 75.7278  220.948 80.7833
51 208.846 76.2828  220.948 80.7833
52 209.956 76.5592  220.948 80.7833
53 210.954 76.7819  220.948 80.7833
54 211.787 77.3374  220.948 80.7833
55 212.621 77.5045  220.948 80.7833
56 213.229 77.7823  220.948 80.7833
57 213.951 78.0608  220.948 80.7833
58 214.395 78.172  220.948 80.7833
59 214.841 78.3381  220.948 80.7833
60 215.23 78.4495  220.948 80.7833
61 215.675 78.616  220.948 80.7833
62 216.119 78.8381  220.948 80.7833
63 216.897 78.8941  220.948 80.7833
64 217.008 79.0055  220.948 80.7833
65 217.285 79.1721  220.948 80.7833
66 217.34 79.1721  220.948 80.7833
67 217.508 79.2836  220.948 80.7833
68 217.618 79.394  220.948 80.7833
69 217.896 79.394  220.948 80.7833
70 218.119 79.4498  220.948 80.7833
71 218.119 79.5055  220.948 80.7833
72 218.174 79.6719  220.948 80.7833
73 218.23 79.7272  220.948 80.7833
74 218.34 79.7272  220.948 80.7833
75 218.396 79.7272  220.948 80.7833
76 218.562 79.7827  220.948 80.7833
77 218.728 79.7827  220.948 80.7833
78 218.784 79.7827  220.948 80.7833
79 218.95 79.8376  220.948 80.7833
80 219.005 79.9492  220.948 80.7833
81 219.227 80.0052  220.948 80.7833
82 219.282 80.0052  220.948 80.7833
83 219.393 80.061  220.948 80.7833
84 219.448 80.061  220.948 80.7833
85 219.448 80.061  220.948 80.7833
86 219.448 80.061  220.948 80.7833
87 219.448 80.1163  220.948 80.7833
88 219.559 80.1718  220.948 80.7833
89 219.559 80.2279  220.948 80.7833
90 219.559 80.2834  220.948 80.7833
91 219.615 80.2834  220.948 80.7833
92 219.725 80.2834  220.948 80.7833
93 219.837 80.2834  220.948 80.7833
94 219.892 80.2834  220.948 80.7833
95 219.892 80.2834  220.948 80.7833
96 219.948 80.3391  220.948 80.7833
97 220.059 80.4494  220.948 80.7833
98 220.115 80.4494  220.948 80.7833
99 220.171 80.4494  220.948 80.7833
