0 0 0  211.365 78.2061
1 0 0  211.365 78.2061
2 0 0  211.365 78.2061
3 0 0  211.365 78.2061
4 0 0  211.365 78.2061
5 0 0  211.365 78.2061
6 0 0  211.365 78.2061
7 0 0  211.365 78.2061
8 0 0  211.365 78.2061
9 0 0  211.365 78.2061
10 0 0  211.365 78.2061
11 0 0  211.365 78.2061
12 0 0  211.365 78.2061
13 0 0  211.365 78.2061
14 0 0  211.365 78.2061
15 0 0  211.365 78.2061
16 0.691956 0.158523  211.365 78.2061
17 1.27852 0.264904  211.365 78.2061
18 2.39792 0.691347  211.365 78.2061
19 3.51507 1.06389  211.365 78.2061
20 4.794 1.5951  211.365 78.2061
21 6.98052 2.12667  211.365 78.2061
22 9.16424 3.35292  211.365 78.2061
23 11.7733 4.2614  211.365 78.2061
24 15.66 5.53777  211.365 78.2061
25 20.7178 6.97456  211.365 78.2061
26 24.5562 8.7333  211.365 78.2061
27 29.508 10.3305  211.365 78.2061
28 35.8444 13.102  211.365 78.2061
29 42.7202 15.5584  211.365 78.2061
30 51.1881 18.9684  211.365 78.2061
31 61.1529 22.8598  211.365 78.2061
32 70.4202 26.4837  211.365 78.2061
33 80.8683 30.6966  211.365 78.2061
34 93.3821 35.2217  211.365 78.2061
35 105.787 40.5993  211.365 78.2061
36 117.713 45.0194  211.365 78.2061
37 129.91 49.3312  211.365 78.2061
38 142.116 53.808  211.365 78.2061
39 154.524 57.6423  211.365 78.2061
40 164.32 61.1614  211.365 78.2061
41 171.404 63.7188  211.365 78.2061
42 177.162 65.7979  211.365 78.2061
43 181.211 67.4484  211.365 78.2061
44 184.141 69.26  211.365 78.2061
45 187.23 70.377  211.365 78.2061
46 190.538 70.9091  211.365 78.2061
47 193.096 71.7081  211.365 78.2061
48 195.118 71.7078  211.365 78.2061
49 196.664 72.0811  211.365 78.2061
50 197.781 72.8794  211.365 78.2061
51 199.274 73.2525  211.365 78.2061
52 200.179 73.5721  211.365 78.2061
53 201.138 73.679  211.365 78.2061
54 201.83 73.8921  211.365 78.2061
55 202.414 73.9984  211.365 78.2061
56 203.32 74.3184  211.365 78.2061
57 204.067 74.4248  211.365 78.2061
58 204.493 74.6372  211.365 78.2061
59 204.759 74.8498  211.365 78.2061
60 205.346 74.9031  211.365 78.2061
61 205.61 75.0093  211.365 78.2061
62 205.878 75.0624  211.365 78.2061
63 206.038 75.435  211.365 78.2061
64 206.251 75.7022  211.365 78.2061
65 206.623 76.0215  211.365 78.2061
66 206.836 76.1283  211.365 78.2061
67 207.155 76.2878  211.365 78.2061
68 207.369 76.3942  211.365 78.2061
69 207.635 76.5004  211.365 78.2061
70 207.848 76.6604  211.365 78.2061
71 207.955 76.7136  211.365 78.2061
72 208.168 76.8201  211.365 78.2061
73 208.382 76.8201  211.365 78.2061
74 208.436 76.9269  211.365 78.2061
75 208.596 76.9269  211.365 78.2061
76 208.755 77.0338  211.365 78.2061
77 208.809 77.0873  211.365 78.2061
78 208.915 77.0873  211.365 78.2061
79 209.076 77.0873  211.365 78.2061
80 209.129 77.1937  211.365 78.2061
81 209.182 77.1937  211.365 78.2061
82 209.288 77.3003  211.365 78.2061
83 209.288 77.3003  211.365 78.2061
84 209.341 77.3003  211.365 78.2061
85 209.501 77.3003  211.365 78.2061
86 209.554 77.3003  211.365 78.2061
87 209.607 77.4071  211.365 78.2061
88 209.607 77.4071  211.365 78.2061
89 209.713 77.4071  211.365 78.2061
90 209.767 77.461  211.365 78.2061
91 209.82 77.5144  211.365 78.2061
92 209.927 77.5144  211.365 78.2061
93 209.927 77.5144  211.365 78.2061
94 209.927 77.568  211.365 78.2061
95 209.98 77.5687  211.365 78.2061
96 210.033 77.5687  211.365 78.2061
97 210.033 77.5687  211.365 78.2061
98 210.087 77.5687  211.365 78.2061
99 210.14 77.5687  211.365 78.2061
