0 310.656 120.608 310.656 120.608
1 310.656 120.608 310.656 120.608
2 310.656 120.608 310.656 120.608
3 310.656 120.608 310.656 120.608
4 310.656 120.608 310.656 120.608
5 310.656 120.608 310.656 120.608
6 310.656 120.608 310.656 120.608
7 310.656 120.608 310.656 120.608
8 310.656 120.608 310.656 120.608
9 310.656 120.608 310.656 120.608
10 310.656 120.608 310.656 120.608
11 310.656 120.608 310.656 120.608
12 310.656 120.608 310.656 120.608
13 310.656 120.608 310.656 120.608
14 310.656 120.608 310.656 120.608
15 310.656 120.608 310.656 120.608
16 307.939 119.249 310.656 120.608
17 303.98 116.698 310.656 120.608
18 297.677 114.309 310.656 120.608
19 291.051 111.427 310.656 120.608
20 283.503 108.934 310.656 120.608
21 273.461 105.952 310.656 120.608
22 261.508 101.23 310.656 120.608
23 249.294 96.3497 310.656 120.608
24 232.993 90.8066 310.656 120.608
25 215.947 84.5099 310.656 120.608
26 199.066 77.559 310.656 120.608
27 179.841 69.7901 310.656 120.608
28 155.679 62.7836 310.656 120.608
29 132.863 55.176 310.656 120.608
30 113.416 46.3259 310.656 120.608
31 94.6746 38.4427 310.656 120.608
32 78.2792 32.1439 310.656 120.608
33 67.3151 27.6902 310.656 120.608
34 58.3062 23.8346 310.656 120.608
35 50.5414 19.5477 310.656 120.608
36 45.7674 17.5913 310.656 120.608
37 40.3976 15.365 310.656 120.608
38 36.7051 13.4139 310.656 120.608
39 32.4194 11.8373 310.656 120.608
40 28.8367 10.8054 310.656 120.608
41 26.3911 9.55526 310.656 120.608
42 23.3504 8.57923 310.656 120.608
43 21.3388 8.03712 310.656 120.608
44 20.0367 7.49496 310.656 120.608
45 18.2455 7.22298 310.656 120.608
46 16.3993 6.84132 310.656 120.608
47 15.3671 6.29858 310.656 120.608
48 13.5761 5.97334 310.656 120.608
49 12.5453 5.75765 310.656 120.608
50 11.8393 5.323 310.656 120.608
51 10.9702 4.77875 310.656 120.608
52 10.2645 4.34274 310.656 120.608
53 9.39747 4.18085 310.656 120.608
54 9.01821 4.01762 310.656 120.608
55 8.25639 3.85384 310.656 120.608
56 7.71291 3.42147 310.656 120.608
57 7.22539 3.20372 310.656 120.608
58 6.79095 3.09535 310.656 120.608
59 6.40995 2.87907 310.656 120.608
60 6.08434 2.87861 310.656 120.608
61 5.48712 2.55164 310.656 120.608
62 5.0517 2.44272 310.656 120.608
63 4.72403 2.17135 310.656 120.608
64 4.56155 1.95413 310.656 120.608
65 4.45309 1.89912 310.656 120.608
66 4.3437 1.73592 310.656 120.608
67 4.12641 1.62726 310.656 120.608
68 3.96407 1.57297 310.656 120.608
69 3.74745 1.51891 310.656 120.608
70 3.47553 1.51891 310.656 120.608
71 3.31203 1.40956 310.656 120.608
72 2.98602 1.35512 310.656 120.608
73 2.93123 1.35512 310.656 120.608
74 2.76782 1.24682 310.656 120.608
75 2.60445 1.08289 310.656 120.608
76 2.55037 0.974511 310.656 120.608
77 2.49582 0.920703 310.656 120.608
78 2.33277 0.866267 310.656 120.608
79 2.22442 0.811985 310.656 120.608
80 2.1156 0.757517 310.656 120.608
81 1.95317 0.703394 310.656 120.608
82 1.8453 0.703394 310.656 120.608
83 1.8453 0.703394 310.656 120.608
84 1.8453 0.703394 310.656 120.608
85 1.8453 0.649583 310.656 120.608
86 1.73669 0.595739 310.656 120.608
87 1.73669 0.595739 310.656 120.608
88 1.73669 0.595739 310.656 120.608
89 1.73669 0.541896 310.656 120.608
90 1.6823 0.541896 310.656 120.608
91 1.57332 0.541896 310.656 120.608
92 1.57332 0.541896 310.656 120.608
93 1.57332 0.541896 310.656 120.608
94 1.57332 0.541896 310.656 120.608
95 1.51914 0.541896 310.656 120.608
96 1.51914 0.541896 310.656 120.608
97 1.46448 0.487296 310.656 120.608
98 1.46448 0.487296 310.656 120.608
99 1.35615 0.433573 310.656 120.608
