0 0 0  185.093 74.0656
1 0 0  185.093 74.0656
2 0 0  185.093 74.0656
3 0 0  185.093 74.0656
4 0 0  185.093 74.0656
5 0 0  185.093 74.0656
6 0 0  185.093 74.0656
7 0 0  185.093 74.0656
8 0 0  185.093 74.0656
9 0 0  185.093 74.0656
10 0 0  185.093 74.0656
11 0 0  185.093 74.0656
12 0 0  185.093 74.0656
13 0 0  185.093 74.0656
14 0 0  185.093 74.0656
15 0 0  185.093 74.0656
16 2.63862 0.846537  185.093 74.0656
17 6.6643 2.35716  185.093 74.0656
18 12.7628 4.27717  185.093 74.0656
19 19.4732 7.14508  185.093 74.0656
20 27.7756 10.9339  185.093 74.0656
21 38.4562 15.3443  185.093 74.0656
22 51.3478 20.5179  185.093 74.0656
23 65.4366 25.9695  185.093 74.0656
24 79.3915 32.5026  185.093 74.0656
25 93.6596 38.2644  185.093 74.0656
26 107.672 43.6457  185.093 74.0656
27 118.481 47.9478  185.093 74.0656
28 128.187 51.946  185.093 74.0656
29 136.663 55.1985  185.093 74.0656
30 142.933 57.7342  185.093 74.0656
31 148.312 59.9885  185.093 74.0656
32 153.69 61.8562  185.093 74.0656
33 158.426 63.5173  185.093 74.0656
34 161.987 64.6446  185.093 74.0656
35 165.086 65.8236  185.093 74.0656
36 167.133 66.8736  185.093 74.0656
37 169.26 67.5389  185.093 74.0656
38 170.85 68.3327  185.093 74.0656
39 172.26 68.9473  185.093 74.0656
40 173.362 69.5362  185.093 74.0656
41 174.591 70.0486  185.093 74.0656
42 175.615 70.2789  185.093 74.0656
43 176.461 70.586  185.093 74.0656
44 176.974 70.9439  185.093 74.0656
45 177.512 71.1226  185.093 74.0656
46 178.23 71.4299  185.093 74.0656
47 178.665 71.5324  185.093 74.0656
48 179.023 71.6859  185.093 74.0656
49 179.664 71.737  185.093 74.0656
50 180.074 71.9418  185.093 74.0656
51 180.483 72.0698  185.093 74.0656
52 180.713 72.146  185.093 74.0656
53 180.865 72.2744  185.093 74.0656
54 181.121 72.3257  185.093 74.0656
55 181.378 72.4028  185.093 74.0656
56 181.455 72.5051  185.093 74.0656
57 181.635 72.5051  185.093 74.0656
58 181.814 72.6333  185.093 74.0656
59 181.966 72.6333  185.093 74.0656
60 182.146 72.7102  185.093 74.0656
61 182.248 72.7356  185.093 74.0656
62 182.377 72.8379  185.093 74.0656
63 182.454 72.9656  185.093 74.0656
64 182.583 72.9656  185.093 74.0656
65 182.737 73.0171  185.093 74.0656
66 182.762 72.9915  185.093 74.0656
67 182.814 73.0679  185.093 74.0656
68 182.941 73.1191  185.093 74.0656
69 183.017 73.1963  185.093 74.0656
70 183.094 73.2474  185.093 74.0656
71 183.17 73.2726  185.093 74.0656
72 183.196 73.3235  185.093 74.0656
73 183.222 73.375  185.093 74.0656
74 183.299 73.4005  185.093 74.0656
75 183.401 73.4005  185.093 74.0656
76 183.556 73.4515  185.093 74.0656
77 183.581 73.4515  185.093 74.0656
78 183.632 73.4772  185.093 74.0656
79 183.709 73.5285  185.093 74.0656
80 183.735 73.5285  185.093 74.0656
81 183.863 73.5285  185.093 74.0656
82 183.914 73.5542  185.093 74.0656
83 183.965 73.5798  185.093 74.0656
84 184.068 73.5798  185.093 74.0656
85 184.068 73.5798  185.093 74.0656
86 184.093 73.5798  185.093 74.0656
87 184.119 73.6311  185.093 74.0656
88 184.221 73.6311  185.093 74.0656
89 184.221 73.6311  185.093 74.0656
90 184.247 73.6824  185.093 74.0656
91 184.272 73.6824  185.093 74.0656
92 184.298 73.6824  185.093 74.0656
93 184.298 73.7082  185.093 74.0656
94 184.324 73.7597  185.093 74.0656
95 184.349 73.7597  185.093 74.0656
96 184.375 73.7597  185.093 74.0656
97 184.375 73.7597  185.093 74.0656
98 184.452 73.7853  185.093 74.0656
99 184.477 73.7853  185.093 74.0656
