0 99.2483 41.0503 99.2483 41.0503
1 99.2483 41.0503 99.2483 41.0503
2 99.2483 41.0503 99.2483 41.0503
3 99.2483 41.0503 99.2483 41.0503
4 99.2483 41.0503 99.2483 41.0503
5 99.2483 41.0503 99.2483 41.0503
6 99.2483 41.0503 99.2483 41.0503
7 99.2483 41.0503 99.2483 41.0503
8 99.2483 41.0503 99.2483 41.0503
9 99.2483 41.0503 99.2483 41.0503
10 99.2483 41.0503 99.2483 41.0503
11 99.2483 41.0503 99.2483 41.0503
12 99.2483 41.0503 99.2483 41.0503
13 99.2483 41.0503 99.2483 41.0503
14 99.2483 41.0503 99.2483 41.0503
15 99.2483 41.0503 99.2483 41.0503
16 99.2483 41.0503 99.2483 41.0503
17 98.7286 41.0503 99.2483 41.0503
18 98.7286 41.0503 99.2483 41.0503
19 98.7286 41.0503 99.2483 41.0503
20 98.4688 41.0503 99.2483 41.0503
21 98.4688 41.0503 99.2483 41.0503
22 98.209 41.0503 99.2483 41.0503
23 97.4296 41.0503 99.2483 41.0503
24 96.91 41.0503 99.2483 41.0503
25 96.91 40.7905 99.2483 41.0503
26 96.1305 40.5307 99.2483 41.0503
27 95.6109 40.5307 99.2483 41.0503
28 94.8315 40.0111 99.2483 41.0503
29 94.3118 39.2316 99.2483 41.0503
30 94.052 39.2316 99.2483 41.0503
31 94.052 39.2316 99.2483 41.0503
32 93.2726 38.1924 99.2483 41.0503
33 93.0128 37.413 99.2483 41.0503
34 91.7137 37.413 99.2483 41.0503
35 91.1941 37.1531 99.2483 41.0503
36 90.4147 36.3737 99.2483 41.0503
37 89.895 36.1139 99.2483 41.0503
38 89.3754 36.1139 99.2483 41.0503
39 88.0763 35.0747 99.2483 41.0503
40 86.5175 34.8148 99.2483 41.0503
41 85.4782 34.2952 99.2483 41.0503
42 84.439 34.2952 99.2483 41.0503
43 82.1007 33.7756 99.2483 41.0503
44 81.0614 33.256 99.2483 41.0503
45 80.282 32.2167 99.2483 41.0503
46 78.7231 31.6971 99.2483 41.0503
47 77.6839 30.1382 99.2483 41.0503
48 76.6446 29.3588 99.2483 41.0503
49 75.6054 29.099 99.2483 41.0503
50 73.7867 28.5793 99.2483 41.0503
51 71.968 28.3195 99.2483 41.0503
52 70.6689 27.7999 99.2483 41.0503
53 69.3699 27.5401 99.2483 41.0503
54 67.2914 26.5008 99.2483 41.0503
55 65.9923 26.241 99.2483 41.0503
56 65.4727 25.9812 99.2483 41.0503
57 64.9531 25.7214 99.2483 41.0503
58 64.6932 24.4223 99.2483 41.0503
59 62.3549 23.6429 99.2483 41.0503
60 61.0559 23.6429 99.2483 41.0503
61 58.4578 23.3831 99.2483 41.0503
62 57.4185 23.3831 99.2483 41.0503
63 56.3793 22.8635 99.2483 41.0503
64 55.34 21.8242 99.2483 41.0503
65 54.3008 21.0448 99.2483 41.0503
66 52.7419 20.0055 99.2483 41.0503
67 51.7026 19.7457 99.2483 41.0503
68 49.6241 19.2261 99.2483 41.0503
69 48.3251 18.4467 99.2483 41.0503
70 47.5456 17.4074 99.2483 41.0503
71 45.4671 16.8878 99.2483 41.0503
72 43.6485 16.3682 99.2483 41.0503
73 42.869 16.1084 99.2483 41.0503
74 42.3494 15.8485 99.2483 41.0503
75 40.5307 15.3289 99.2483 41.0503
76 39.4915 14.8093 99.2483 41.0503
77 38.9718 13.5102 99.2483 41.0503
78 37.1531 13.5102 99.2483 41.0503
79 36.1139 13.2504 99.2483 41.0503
80 34.8148 12.7308 99.2483 41.0503
81 34.8148 12.7308 99.2483 41.0503
82 33.7756 12.7308 99.2483 41.0503
83 32.2167 12.7308 99.2483 41.0503
84 31.1775 11.9514 99.2483 41.0503
85 29.8784 11.1719 99.2483 41.0503
86 29.3588 11.1719 99.2483 41.0503
87 28.3195 10.3925 99.2483 41.0503
88 28.0597 9.87286 99.2483 41.0503
89 28.0597 9.61305 99.2483 41.0503
90 27.5401 9.61305 99.2483 41.0503
91 26.5008 9.09343 99.2483 41.0503
92 25.2018 8.83362 99.2483 41.0503
93 24.942 8.5738 99.2483 41.0503
94 24.4223 8.31399 99.2483 41.0503
95 23.3831 8.05418 99.2483 41.0503
96 23.3831 8.05418 99.2483 41.0503
97 22.6037 7.79437 99.2483 41.0503
98 21.5644 7.79437 99.2483 41.0503
99 20.5252 7.53455 99.2483 41.0503
