0 1022.14 7.80258 1022.14 7.80258
1 1022.14 7.80258 1022.14 7.80258
2 1022.14 7.80258 1022.14 7.80258
3 1022.14 7.80258 1022.14 7.80258
4 1022.14 7.80258 1022.14 7.80258
5 1022.14 7.80258 1022.14 7.80258
6 1022.14 7.80258 1022.14 7.80258
7 1022.14 7.80258 1022.14 7.80258
8 1022.14 7.80258 1022.14 7.80258
9 1022.14 7.80258 1022.14 7.80258
10 1022.14 7.80258 1022.14 7.80258
11 1022.14 7.80258 1022.14 7.80258
12 1022.14 7.80258 1022.14 7.80258
13 1022.14 7.80258 1022.14 7.80258
14 1022.14 7.80258 1022.14 7.80258
15 1022.14 7.80258 1022.14 7.80258
16 969.47 7.80258 1022.14 7.80258
17 930.457 7.80258 1022.14 7.80258
18 879.74 7.80258 1022.14 7.80258
19 803.665 7.80258 1022.14 7.80258
20 752.949 7.80258 1022.14 7.80258
21 702.232 7.80258 1022.14 7.80258
22 653.466 7.80258 1022.14 7.80258
23 598.848 7.80258 1022.14 7.80258
24 550.082 5.85193 1022.14 7.80258
25 520.822 3.90129 1022.14 7.80258
26 487.661 3.90129 1022.14 7.80258
27 444.747 3.90129 1022.14 7.80258
28 427.191 3.90129 1022.14 7.80258
29 405.734 3.90129 1022.14 7.80258
30 380.376 3.90129 1022.14 7.80258
31 358.919 3.90129 1022.14 7.80258
32 333.56 3.90129 1022.14 7.80258
33 312.103 3.90129 1022.14 7.80258
34 304.3 3.90129 1022.14 7.80258
35 286.745 1.95064 1022.14 7.80258
36 269.189 1.95064 1022.14 7.80258
37 261.386 1.95064 1022.14 7.80258
38 255.534 1.95064 1022.14 7.80258
39 249.682 1.95064 1022.14 7.80258
40 234.077 1.95064 1022.14 7.80258
41 224.324 1.95064 1022.14 7.80258
42 212.62 1.95064 1022.14 7.80258
43 200.916 1.95064 1022.14 7.80258
44 193.114 1.95064 1022.14 7.80258
45 185.311 1.95064 1022.14 7.80258
46 173.607 1.95064 1022.14 7.80258
47 175.558 1.95064 1022.14 7.80258
48 179.459 0 1022.14 7.80258
49 173.607 0 1022.14 7.80258
50 161.903 0 1022.14 7.80258
51 152.15 0 1022.14 7.80258
52 142.397 0 1022.14 7.80258
53 138.496 0 1022.14 7.80258
54 138.496 0 1022.14 7.80258
55 134.594 0 1022.14 7.80258
56 132.644 0 1022.14 7.80258
57 126.792 0 1022.14 7.80258
58 124.841 0 1022.14 7.80258
59 120.94 0 1022.14 7.80258
60 115.088 0 1022.14 7.80258
61 115.088 -1.95064 1022.14 7.80258
62 109.236 -1.95064 1022.14 7.80258
63 107.285 -1.95064 1022.14 7.80258
64 101.433 -1.95064 1022.14 7.80258
65 91.6803 -1.95064 1022.14 7.80258
66 89.7296 -1.95064 1022.14 7.80258
67 81.927 -1.95064 1022.14 7.80258
68 78.0258 -1.95064 1022.14 7.80258
69 74.1245 -1.95064 1022.14 7.80258
70 72.1738 -1.95064 1022.14 7.80258
71 68.2725 -1.95064 1022.14 7.80258
72 62.4206 -1.95064 1022.14 7.80258
73 54.618 -1.95064 1022.14 7.80258
74 54.618 -1.95064 1022.14 7.80258
75 54.618 -1.95064 1022.14 7.80258
76 54.618 -1.95064 1022.14 7.80258
77 54.618 -1.95064 1022.14 7.80258
78 52.6674 -1.95064 1022.14 7.80258
79 48.7661 -1.95064 1022.14 7.80258
80 54.618 -1.95064 1022.14 7.80258
81 54.618 -1.95064 1022.14 7.80258
82 54.618 -1.95064 1022.14 7.80258
83 54.618 -1.95064 1022.14 7.80258
84 54.618 -1.95064 1022.14 7.80258
85 52.6674 -1.95064 1022.14 7.80258
86 46.8155 -1.95064 1022.14 7.80258
87 46.8155 -1.95064 1022.14 7.80258
88 40.9635 -1.95064 1022.14 7.80258
89 39.0129 -1.95064 1022.14 7.80258
90 35.1116 -1.95064 1022.14 7.80258
91 37.0622 -1.95064 1022.14 7.80258
92 35.1116 -1.95064 1022.14 7.80258
93 37.0622 -1.95064 1022.14 7.80258
94 35.1116 -1.95064 1022.14 7.80258
95 35.1116 -1.95064 1022.14 7.80258
96 33.1609 -1.95064 1022.14 7.80258
97 31.2103 -1.95064 1022.14 7.80258
98 31.2103 -1.95064 1022.14 7.80258
99 29.2597 -1.95064 1022.14 7.80258
