0 0 0  1022.14 7.80258
1 0 0  1022.14 7.80258
2 0 0  1022.14 7.80258
3 0 0  1022.14 7.80258
4 0 0  1022.14 7.80258
5 0 0  1022.14 7.80258
6 0 0  1022.14 7.80258
7 0 0  1022.14 7.80258
8 0 0  1022.14 7.80258
9 0 0  1022.14 7.80258
10 0 0  1022.14 7.80258
11 0 0  1022.14 7.80258
12 0 0  1022.14 7.80258
13 0 0  1022.14 7.80258
14 0 0  1022.14 7.80258
15 0 0  1022.14 7.80258
16 52.6674 0  1022.14 7.80258
17 91.6803 0  1022.14 7.80258
18 142.397 0  1022.14 7.80258
19 218.472 0  1022.14 7.80258
20 269.189 0  1022.14 7.80258
21 319.906 0  1022.14 7.80258
22 368.672 0  1022.14 7.80258
23 423.29 0  1022.14 7.80258
24 472.056 1.95064  1022.14 7.80258
25 501.316 3.90129  1022.14 7.80258
26 534.476 3.90129  1022.14 7.80258
27 577.391 3.90129  1022.14 7.80258
28 594.946 3.90129  1022.14 7.80258
29 616.404 3.90129  1022.14 7.80258
30 641.762 3.90129  1022.14 7.80258
31 663.219 3.90129  1022.14 7.80258
32 688.577 3.90129  1022.14 7.80258
33 710.034 3.90129  1022.14 7.80258
34 717.837 3.90129  1022.14 7.80258
35 735.393 5.85193  1022.14 7.80258
36 752.949 5.85193  1022.14 7.80258
37 760.751 5.85193  1022.14 7.80258
38 766.603 5.85193  1022.14 7.80258
39 772.455 5.85193  1022.14 7.80258
40 788.06 5.85193  1022.14 7.80258
41 797.813 5.85193  1022.14 7.80258
42 809.517 5.85193  1022.14 7.80258
43 821.221 5.85193  1022.14 7.80258
44 829.024 5.85193  1022.14 7.80258
45 836.826 5.85193  1022.14 7.80258
46 848.53 5.85193  1022.14 7.80258
47 846.58 5.85193  1022.14 7.80258
48 842.678 7.80258  1022.14 7.80258
49 848.53 7.80258  1022.14 7.80258
50 860.234 7.80258  1022.14 7.80258
51 869.987 7.80258  1022.14 7.80258
52 879.74 7.80258  1022.14 7.80258
53 883.642 7.80258  1022.14 7.80258
54 883.642 7.80258  1022.14 7.80258
55 887.543 7.80258  1022.14 7.80258
56 889.494 7.80258  1022.14 7.80258
57 895.346 7.80258  1022.14 7.80258
58 897.296 7.80258  1022.14 7.80258
59 901.198 7.80258  1022.14 7.80258
60 907.049 7.80258  1022.14 7.80258
61 907.049 9.75322  1022.14 7.80258
62 912.901 9.75322  1022.14 7.80258
63 914.852 9.75322  1022.14 7.80258
64 920.704 9.75322  1022.14 7.80258
65 930.457 9.75322  1022.14 7.80258
66 932.408 9.75322  1022.14 7.80258
67 940.21 9.75322  1022.14 7.80258
68 944.112 9.75322  1022.14 7.80258
69 948.013 9.75322  1022.14 7.80258
70 949.964 9.75322  1022.14 7.80258
71 953.865 9.75322  1022.14 7.80258
72 959.717 9.75322  1022.14 7.80258
73 967.519 9.75322  1022.14 7.80258
74 967.519 9.75322  1022.14 7.80258
75 967.519 9.75322  1022.14 7.80258
76 967.519 9.75322  1022.14 7.80258
77 967.519 9.75322  1022.14 7.80258
78 969.47 9.75322  1022.14 7.80258
79 973.371 9.75322  1022.14 7.80258
80 967.519 9.75322  1022.14 7.80258
81 967.519 9.75322  1022.14 7.80258
82 967.519 9.75322  1022.14 7.80258
83 967.519 9.75322  1022.14 7.80258
84 967.519 9.75322  1022.14 7.80258
85 969.47 9.75322  1022.14 7.80258
86 975.322 9.75322  1022.14 7.80258
87 975.322 9.75322  1022.14 7.80258
88 981.174 9.75322  1022.14 7.80258
89 983.125 9.75322  1022.14 7.80258
90 987.026 9.75322  1022.14 7.80258
91 985.075 9.75322  1022.14 7.80258
92 987.026 9.75322  1022.14 7.80258
93 985.075 9.75322  1022.14 7.80258
94 987.026 9.75322  1022.14 7.80258
95 987.026 9.75322  1022.14 7.80258
96 988.977 9.75322  1022.14 7.80258
97 990.927 9.75322  1022.14 7.80258
98 990.927 9.75322  1022.14 7.80258
99 992.878 9.75322  1022.14 7.80258
