0 0 0  2453.33 19.0155
1 0 0  2453.33 19.0155
2 0 0  2453.33 19.0155
3 0 0  2453.33 19.0155
4 0 0  2453.33 19.0155
5 0 0  2453.33 19.0155
6 0 0  2453.33 19.0155
7 0 0  2453.33 19.0155
8 0 0  2453.33 19.0155
9 0 0  2453.33 19.0155
10 0 0  2453.33 19.0155
11 0 0  2453.33 19.0155
12 0 0  2453.33 19.0155
13 0 0  2453.33 19.0155
14 0 0  2453.33 19.0155
15 0 0  2453.33 19.0155
16 11.7532 0.0785116  2453.33 19.0155
17 25.3121 0.125619  2453.33 19.0155
18 39.0988 0.188428  2453.33 19.0155
19 53.7961 0.243386  2453.33 19.0155
20 68.3993 0.329749  2453.33 19.0155
21 82.9161 0.376856  2453.33 19.0155
22 98.2729 0.463218  2453.33 19.0155
23 112.68 0.635944  2453.33 19.0155
24 125.799 0.74586  2453.33 19.0155
25 137.89 0.871478  2453.33 19.0155
26 149.973 0.973543  2453.33 19.0155
27 162.802 1.11486  2453.33 19.0155
28 175.363 1.26404  2453.33 19.0155
29 187.949 1.42891  2453.33 19.0155
30 200.966 1.65659  2453.33 19.0155
31 214.258 1.91568  2453.33 19.0155
32 227.778 2.19047  2453.33 19.0155
33 242.083 2.3789  2453.33 19.0155
34 257.18 2.58303  2453.33 19.0155
35 272.207 2.81071  2453.33 19.0155
36 288.923 3.03055  2453.33 19.0155
37 306.077 3.16402  2453.33 19.0155
38 325.006 3.43881  2453.33 19.0155
39 343.991 3.67434  2453.33 19.0155
40 364.914 3.90202  2453.33 19.0155
41 389.095 4.11401  2453.33 19.0155
42 413.528 4.47516  2453.33 19.0155
43 441.486 4.73425  2453.33 19.0155
44 470.52 5.12681  2453.33 19.0155
45 502.647 5.433  2453.33 19.0155
46 537.545 5.83341  2453.33 19.0155
47 575.396 6.13175  2453.33 19.0155
48 617.619 6.4615  2453.33 19.0155
49 660.651 6.73629  2453.33 19.0155
50 704.665 7.18381  2453.33 19.0155
51 749.511 7.41149  2453.33 19.0155
52 794.443 7.74909  2453.33 19.0155
53 839.202 8.06314  2453.33 19.0155
54 883.216 8.26727  2453.33 19.0155
55 927.002 8.5028  2453.33 19.0155
56 969.924 8.8247  2453.33 19.0155
57 1012.38 9.1623  2453.33 19.0155
58 1054.81 9.37428  2453.33 19.0155
59 1096.59 9.68048  2453.33 19.0155
60 1136.26 9.93171  2453.33 19.0155
61 1175.74 10.1987  2453.33 19.0155
62 1213.52 10.4106  2453.33 19.0155
63 1249.02 10.6933  2453.33 19.0155
64 1284.7 10.9367  2453.33 19.0155
65 1318.62 11.2821  2453.33 19.0155
66 1351.55 11.4941  2453.33 19.0155
67 1383.55 11.761  2453.33 19.0155
68 1415.04 11.8631  2453.33 19.0155
69 1445.28 12.0044  2453.33 19.0155
70 1474.82 12.2478  2453.33 19.0155
71 1503.21 12.4127  2453.33 19.0155
72 1531.56 12.6482  2453.33 19.0155
73 1558.83 12.868  2453.33 19.0155
74 1584.51 13.0486  2453.33 19.0155
75 1609.98 13.1978  2453.33 19.0155
76 1633.41 13.4019  2453.33 19.0155
77 1656.31 13.6296  2453.33 19.0155
78 1678.72 13.8023  2453.33 19.0155
79 1700.76 14.0143  2453.33 19.0155
80 1721.26 14.1713  2453.33 19.0155
81 1742.13 14.3441  2453.33 19.0155
82 1762.07 14.4854  2453.33 19.0155
83 1781.58 14.7209  2453.33 19.0155
84 1799.54 14.8936  2453.33 19.0155
85 1816.71 14.9957  2453.33 19.0155
86 1834.31 15.1449  2453.33 19.0155
87 1850.73 15.2155  2453.33 19.0155
88 1866.86 15.2548  2453.33 19.0155
89 1882.01 15.3961  2453.33 19.0155
90 1897.36 15.4825  2453.33 19.0155
91 1911.52 15.5139  2453.33 19.0155
92 1925.76 15.6081  2453.33 19.0155
93 1939.2 15.6788  2453.33 19.0155
94 1952.46 15.8044  2453.33 19.0155
95 1965.94 15.8358  2453.33 19.0155
96 1978.29 15.93  2453.33 19.0155
97 1990.34 15.985  2453.33 19.0155
98 2001.95 16.1106  2453.33 19.0155
99 2013.46 16.2205  2453.33 19.0155
