0 2453.33 19.0155 2453.33 19.0155
1 2453.33 19.0155 2453.33 19.0155
2 2453.33 19.0155 2453.33 19.0155
3 2453.33 19.0155 2453.33 19.0155
4 2453.33 19.0155 2453.33 19.0155
5 2453.33 19.0155 2453.33 19.0155
6 2453.33 19.0155 2453.33 19.0155
7 2453.33 19.0155 2453.33 19.0155
8 2453.33 19.0155 2453.33 19.0155
9 2453.33 19.0155 2453.33 19.0155
10 2453.33 19.0155 2453.33 19.0155
11 2453.33 19.0155 2453.33 19.0155
12 2453.33 19.0155 2453.33 19.0155
13 2453.33 19.0155 2453.33 19.0155
14 2453.33 19.0155 2453.33 19.0155
15 2453.33 19.0155 2453.33 19.0155
16 2441.58 18.937 2453.33 19.0155
17 2428.02 18.8899 2453.33 19.0155
18 2414.23 18.8271 2453.33 19.0155
19 2399.53 18.7721 2453.33 19.0155
20 2384.93 18.6858 2453.33 19.0155
21 2370.41 18.6386 2453.33 19.0155
22 2355.06 18.5523 2453.33 19.0155
23 2340.65 18.3796 2453.33 19.0155
24 2327.53 18.2696 2453.33 19.0155
25 2315.44 18.144 2453.33 19.0155
26 2303.36 18.042 2453.33 19.0155
27 2290.53 17.9006 2453.33 19.0155
28 2277.97 17.7515 2453.33 19.0155
29 2265.38 17.5866 2453.33 19.0155
30 2252.36 17.3589 2453.33 19.0155
31 2239.07 17.0998 2453.33 19.0155
32 2225.55 16.825 2453.33 19.0155
33 2211.25 16.6366 2453.33 19.0155
34 2196.15 16.4325 2453.33 19.0155
35 2181.12 16.2048 2453.33 19.0155
36 2164.41 15.985 2453.33 19.0155
37 2147.25 15.8515 2453.33 19.0155
38 2128.32 15.5767 2453.33 19.0155
39 2109.34 15.3412 2453.33 19.0155
40 2088.42 15.1135 2453.33 19.0155
41 2064.23 14.9015 2453.33 19.0155
42 2039.8 14.5403 2453.33 19.0155
43 2011.84 14.2813 2453.33 19.0155
44 1982.81 13.8887 2453.33 19.0155
45 1950.68 13.5825 2453.33 19.0155
46 1915.78 13.1821 2453.33 19.0155
47 1877.93 12.8837 2453.33 19.0155
48 1835.71 12.554 2453.33 19.0155
49 1792.68 12.2792 2453.33 19.0155
50 1748.66 11.8317 2453.33 19.0155
51 1703.82 11.604 2453.33 19.0155
52 1658.89 11.2664 2453.33 19.0155
53 1614.13 10.9524 2453.33 19.0155
54 1570.11 10.7482 2453.33 19.0155
55 1526.33 10.5127 2453.33 19.0155
56 1483.41 10.1908 2453.33 19.0155
57 1440.95 9.8532 2453.33 19.0155
58 1398.52 9.64122 2453.33 19.0155
59 1356.73 9.33503 2453.33 19.0155
60 1317.07 9.08379 2453.33 19.0155
61 1277.59 8.81685 2453.33 19.0155
62 1239.81 8.60487 2453.33 19.0155
63 1204.3 8.32223 2453.33 19.0155
64 1168.63 8.07884 2453.33 19.0155
65 1134.71 7.73339 2453.33 19.0155
66 1101.78 7.52141 2453.33 19.0155
67 1069.78 7.25447 2453.33 19.0155
68 1038.29 7.1524 2453.33 19.0155
69 1008.05 7.01108 2453.33 19.0155
70 978.505 6.7677 2453.33 19.0155
71 950.116 6.60282 2453.33 19.0155
72 921.773 6.36729 2453.33 19.0155
73 894.498 6.14746 2453.33 19.0155
74 868.817 5.96688 2453.33 19.0155
75 843.348 5.81771 2453.33 19.0155
76 819.92 5.61358 2453.33 19.0155
77 797.018 5.38589 2453.33 19.0155
78 774.611 5.21317 2453.33 19.0155
79 752.573 5.00119 2453.33 19.0155
80 732.065 4.84416 2453.33 19.0155
81 711.189 4.67144 2453.33 19.0155
82 691.263 4.53012 2453.33 19.0155
83 671.753 4.29458 2453.33 19.0155
84 653.789 4.12186 2453.33 19.0155
85 636.619 4.01979 2453.33 19.0155
86 619.017 3.87062 2453.33 19.0155
87 602.6 3.79996 2453.33 19.0155
88 586.474 3.7607 2453.33 19.0155
89 571.321 3.61938 2453.33 19.0155
90 555.972 3.53302 2453.33 19.0155
91 541.808 3.50162 2453.33 19.0155
92 527.574 3.4074 2453.33 19.0155
93 514.133 3.33674 2453.33 19.0155
94 500.872 3.21112 2453.33 19.0155
95 487.392 3.17972 2453.33 19.0155
96 475.042 3.0855 2453.33 19.0155
97 462.991 3.03055 2453.33 19.0155
98 451.379 2.90493 2453.33 19.0155
99 439.869 2.79501 2453.33 19.0155
