0 8921 23.2823 8921 23.2823
1 8921 23.2823 8921 23.2823
2 8921 23.2823 8921 23.2823
3 8921 23.2823 8921 23.2823
4 8921 23.2823 8921 23.2823
5 8921 23.2823 8921 23.2823
6 8921 23.2823 8921 23.2823
7 8921 23.2823 8921 23.2823
8 8921 23.2823 8921 23.2823
9 8921 23.2823 8921 23.2823
10 8921 23.2823 8921 23.2823
11 8921 23.2823 8921 23.2823
12 8921 23.2823 8921 23.2823
13 8921 23.2823 8921 23.2823
14 8921 23.2823 8921 23.2823
15 8921 23.2823 8921 23.2823
16 8921 23.2823 8921 23.2823
17 8921 23.2823 8921 23.2823
18 8921 23.2823 8921 23.2823
19 8921 23.2823 8921 23.2823
20 8921 23.2823 8921 23.2823
21 8921 23.2823 8921 23.2823
22 8921 23.2823 8921 23.2823
23 8921 23.2823 8921 23.2823
24 8921 23.2823 8921 23.2823
25 8921 23.2823 8921 23.2823
26 8921 23.2823 8921 23.2823
27 8921 23.2823 8921 23.2823
28 8921 23.2823 8921 23.2823
29 8921 23.2823 8921 23.2823
30 8921 23.2823 8921 23.2823
31 8758.03 19.4019 8921 23.2823
32 8598.93 19.4019 8921 23.2823
33 8424.31 19.4019 8921 23.2823
34 8160.45 15.5215 8921 23.2823
35 7997.47 15.5215 8921 23.2823
36 7741.37 15.5215 8921 23.2823
37 7508.54 15.5215 8921 23.2823
38 7209.75 15.5215 8921 23.2823
39 6930.37 11.6412 8921 23.2823
40 6550.09 11.6412 8921 23.2823
41 6204.73 11.6412 8921 23.2823
42 5839.98 11.6412 8921 23.2823
43 5490.74 11.6412 8921 23.2823
44 5087.18 11.6412 8921 23.2823
45 4640.94 11.6412 8921 23.2823
46 4311.11 11.6412 8921 23.2823
47 3961.87 11.6412 8921 23.2823
48 3729.05 11.6412 8921 23.2823
49 3368.17 15.5215 8921 23.2823
50 3053.86 15.5215 8921 23.2823
51 2809.4 15.5215 8921 23.2823
52 2549.41 15.5215 8921 23.2823
53 2370.91 11.6412 8921 23.2823
54 2157.49 11.6412 8921 23.2823
55 1955.71 7.76077 8921 23.2823
56 1831.54 7.76077 8921 23.2823
57 1672.45 11.6412 8921 23.2823
58 1509.47 11.6412 8921 23.2823
59 1455.14 15.5215 8921 23.2823
60 1342.61 15.5215 8921 23.2823
61 1218.44 7.76077 8921 23.2823
62 1164.12 7.76077 8921 23.2823
63 1074.87 3.88038 8921 23.2823
64 1024.42 3.88038 8921 23.2823
65 958.455 0 8921 23.2823
66 861.445 0 8921 23.2823
67 814.881 0 8921 23.2823
68 776.077 0 8921 23.2823
69 713.991 0 8921 23.2823
70 663.546 0 8921 23.2823
71 655.785 0 8921 23.2823
72 616.981 0 8921 23.2823
73 589.818 0 8921 23.2823
74 593.699 0 8921 23.2823
75 539.373 0 8921 23.2823
76 496.689 0 8921 23.2823
77 485.048 0 8921 23.2823
78 450.125 0 8921 23.2823
79 415.201 0 8921 23.2823
80 399.68 0 8921 23.2823
81 384.158 0 8921 23.2823
82 356.995 0 8921 23.2823
83 322.072 0 8921 23.2823
84 306.55 0 8921 23.2823
85 267.747 0 8921 23.2823
86 252.225 0 8921 23.2823
87 263.866 -3.88038 8921 23.2823
88 256.105 -3.88038 8921 23.2823
89 225.062 -3.88038 8921 23.2823
90 197.9 -3.88038 8921 23.2823
91 170.737 -3.88038 8921 23.2823
92 166.857 -3.88038 8921 23.2823
93 159.096 -3.88038 8921 23.2823
94 155.215 -3.88038 8921 23.2823
95 151.335 -3.88038 8921 23.2823
96 151.335 -3.88038 8921 23.2823
97 151.335 -3.88038 8921 23.2823
98 147.455 -3.88038 8921 23.2823
99 135.813 -3.88038 8921 23.2823
