0 644.909 239.117 644.909 239.117
1 644.909 239.117 644.909 239.117
2 644.909 239.117 644.909 239.117
3 644.909 239.117 644.909 239.117
4 644.909 239.117 644.909 239.117
5 644.909 239.117 644.909 239.117
6 644.909 239.117 644.909 239.117
7 644.909 239.117 644.909 239.117
8 644.909 239.117 644.909 239.117
9 644.909 239.117 644.909 239.117
10 644.909 239.117 644.909 239.117
11 644.909 239.117 644.909 239.117
12 644.909 239.117 644.909 239.117
13 644.909 239.117 644.909 239.117
14 644.909 239.117 644.909 239.117
15 644.909 239.117 644.909 239.117
16 644.909 239.117 644.909 239.117
17 644.909 239.117 644.909 239.117
18 644.909 239.117 644.909 239.117
19 644.909 239.117 644.909 239.117
20 644.909 239.117 644.909 239.117
21 644.909 239.117 644.909 239.117
22 644.909 239.117 644.909 239.117
23 644.909 239.117 644.909 239.117
24 644.909 239.117 644.909 239.117
25 644.909 239.117 644.909 239.117
26 644.909 239.117 644.909 239.117
27 644.909 239.117 644.909 239.117
28 644.909 239.117 644.909 239.117
29 644.909 239.117 644.909 239.117
30 644.909 239.117 644.909 239.117
31 602.347 225.77 644.909 239.117
32 555.153 207.736 644.909 239.117
33 502.421 189.076 644.909 239.117
34 449.962 166.8 644.909 239.117
35 397.755 142.53 644.909 239.117
36 341.945 124.475 644.909 239.117
37 290.009 105.215 644.909 239.117
38 244.927 87.7683 644.909 239.117
39 208.263 75.3376 644.909 239.117
40 176.363 64.8919 644.909 239.117
41 148.085 58.4663 644.909 239.117
42 127.407 50.6307 644.909 239.117
43 112.835 45.4049 644.909 239.117
44 101.184 41.2511 644.909 239.117
45 90.3387 36.6836 644.909 239.117
46 80.9061 34.2765 644.909 239.117
47 72.8812 32.0641 644.909 239.117
48 66.6666 28.8476 644.909 239.117
49 58.4217 26.0445 644.909 239.117
50 54.0006 23.2315 644.909 239.117
51 48.7781 21.0218 644.909 239.117
52 45.1666 19.2177 644.909 239.117
53 42.5521 18.0129 644.909 239.117
54 39.9402 16.4103 644.909 239.117
55 37.3252 15.6537 644.909 239.117
56 35.1141 14.254 644.909 239.117
57 32.0999 13.8527 644.909 239.117
58 30.8951 12.253 644.909 239.117
59 29.6929 11.4478 644.909 239.117
60 27.6839 10.648 644.909 239.117
61 25.877 10.243 644.909 239.117
62 24.0724 9.64091 644.909 239.117
63 22.6704 8.63884 644.909 239.117
64 22.068 7.23256 644.909 239.117
65 21.0602 6.83277 644.909 239.117
66 20.6606 6.63273 644.909 239.117
67 20.0593 6.02534 644.909 239.117
68 18.8533 5.82405 644.909 239.117
69 17.8507 5.42253 644.909 239.117
70 17.2508 5.02179 644.909 239.117
71 16.0533 5.02179 644.909 239.117
72 15.2479 5.02179 644.909 239.117
73 14.2385 4.82 644.909 239.117
74 14.0372 4.82 644.909 239.117
75 13.2364 4.61986 644.909 239.117
76 12.8361 4.41863 644.909 239.117
77 12.2322 4.41863 644.909 239.117
78 12.2322 4.41863 644.909 239.117
79 11.6319 4.41863 644.909 239.117
80 11.2311 4.21796 644.909 239.117
81 11.2311 3.81731 644.909 239.117
82 11.032 3.81731 644.909 239.117
83 10.8323 3.61599 644.909 239.117
84 10.6311 3.41464 644.909 239.117
85 9.82967 3.41464 644.909 239.117
86 9.42982 3.01316 644.909 239.117
87 8.02251 3.01316 644.909 239.117
88 7.41929 2.41029 644.909 239.117
89 7.21786 2.41029 644.909 239.117
90 6.8122 2.41029 644.909 239.117
91 6.6121 2.41029 644.909 239.117
92 6.21307 2.41029 644.909 239.117
93 5.61337 2.20977 644.909 239.117
94 5.01001 2.20977 644.909 239.117
95 4.81088 2.20977 644.909 239.117
96 4.81088 2.20977 644.909 239.117
97 4.81088 2.00896 644.909 239.117
98 4.81088 2.00896 644.909 239.117
99 4.81088 2.00896 644.909 239.117
