0 0 0  346.853 134.359
1 0 0  346.853 134.359
2 0 0  346.853 134.359
3 0 0  346.853 134.359
4 0 0  346.853 134.359
5 0 0  346.853 134.359
6 0 0  346.853 134.359
7 0 0  346.853 134.359
8 0 0  346.853 134.359
9 0 0  346.853 134.359
10 0 0  346.853 134.359
11 0 0  346.853 134.359
12 0 0  346.853 134.359
13 0 0  346.853 134.359
14 0 0  346.853 134.359
15 0 0  346.853 134.359
16 0 0  346.853 134.359
17 0 0  346.853 134.359
18 0 0  346.853 134.359
19 0 0  346.853 134.359
20 0 0  346.853 134.359
21 0 0  346.853 134.359
22 0 0  346.853 134.359
23 0 0  346.853 134.359
24 0 0  346.853 134.359
25 0 0  346.853 134.359
26 0 0  346.853 134.359
27 0 0  346.853 134.359
28 0 0  346.853 134.359
29 0 0  346.853 134.359
30 0 0  346.853 134.359
31 44.256 18.5457  346.853 134.359
32 88.4969 33.912  346.853 134.359
33 127.46 47.5779  346.853 134.359
34 156.761 56.8523  346.853 134.359
35 182.258 66.5519  346.853 134.359
36 199.098 75.1906  346.853 134.359
37 216.6 80.6639  346.853 134.359
38 229.679 87.1942  346.853 134.359
39 241.276 92.2505  346.853 134.359
40 250.347 97.0954  346.853 134.359
41 260.455 101.311  346.853 134.359
42 268.876 103.206  346.853 134.359
43 275.841 105.733  346.853 134.359
44 280.059 108.677  346.853 134.359
45 284.486 110.147  346.853 134.359
46 290.396 112.676  346.853 134.359
47 293.976 113.518  346.853 134.359
48 296.918 114.782  346.853 134.359
49 302.19 115.202  346.853 134.359
50 305.565 116.887  346.853 134.359
51 308.929 117.94  346.853 134.359
52 310.817 118.567  346.853 134.359
53 312.072 119.623  346.853 134.359
54 314.179 120.045  346.853 134.359
55 316.29 120.679  346.853 134.359
56 316.924 121.521  346.853 134.359
57 318.408 121.521  346.853 134.359
58 319.875 122.576  346.853 134.359
59 321.132 122.576  346.853 134.359
60 322.61 123.208  346.853 134.359
61 323.453 123.418  346.853 134.359
62 324.511 124.259  346.853 134.359
63 325.148 125.31  346.853 134.359
64 326.207 125.31  346.853 134.359
65 327.47 125.734  346.853 134.359
66 327.679 125.523  346.853 134.359
67 328.102 126.151  346.853 134.359
68 329.148 126.573  346.853 134.359
69 329.775 127.207  346.853 134.359
70 330.407 127.628  346.853 134.359
71 331.038 127.835  346.853 134.359
72 331.251 128.254  346.853 134.359
73 331.461 128.678  346.853 134.359
74 332.093 128.887  346.853 134.359
75 332.937 128.887  346.853 134.359
76 334.207 129.307  346.853 134.359
77 334.418 129.307  346.853 134.359
78 334.837 129.518  346.853 134.359
79 335.472 129.94  346.853 134.359
80 335.682 129.94  346.853 134.359
81 336.738 129.94  346.853 134.359
82 337.155 130.152  346.853 134.359
83 337.575 130.363  346.853 134.359
84 338.421 130.363  346.853 134.359
85 338.421 130.363  346.853 134.359
86 338.631 130.363  346.853 134.359
87 338.84 130.784  346.853 134.359
88 339.685 130.784  346.853 134.359
89 339.685 130.784  346.853 134.359
90 339.894 131.207  346.853 134.359
91 340.105 131.207  346.853 134.359
92 340.316 131.207  346.853 134.359
93 340.316 131.419  346.853 134.359
94 340.528 131.843  346.853 134.359
95 340.738 131.843  346.853 134.359
96 340.948 131.843  346.853 134.359
97 340.948 131.843  346.853 134.359
98 341.579 132.054  346.853 134.359
99 341.791 132.054  346.853 134.359
