0 0 0  653.964 235.904
1 0 0  653.964 235.904
2 0 0  653.964 235.904
3 0 0  653.964 235.904
4 0 0  653.964 235.904
5 0 0  653.964 235.904
6 0 0  653.964 235.904
7 0 0  653.964 235.904
8 0 0  653.964 235.904
9 0 0  653.964 235.904
10 0 0  653.964 235.904
11 0 0  653.964 235.904
12 0 0  653.964 235.904
13 0 0  653.964 235.904
14 0 0  653.964 235.904
15 0 0  653.964 235.904
16 0 0  653.964 235.904
17 0 0  653.964 235.904
18 0 0  653.964 235.904
19 0 0  653.964 235.904
20 0 0  653.964 235.904
21 0 0  653.964 235.904
22 0 0  653.964 235.904
23 0 0  653.964 235.904
24 0 0  653.964 235.904
25 0 0  653.964 235.904
26 0 0  653.964 235.904
27 0 0  653.964 235.904
28 0 0  653.964 235.904
29 0 0  653.964 235.904
30 0 0  653.964 235.904
31 34.3364 10.1089  653.964 235.904
32 71.4242 23.165  653.964 235.904
33 105.35 42.9651  653.964 235.904
34 156.113 58.9499  653.964 235.904
35 199.925 75.1561  653.964 235.904
36 254.475 93.0507  653.964 235.904
37 301.835 110.324  653.964 235.904
38 356.395 127.594  653.964 235.904
39 404.807 144.68  653.964 235.904
40 442.115 159.209  653.964 235.904
41 480.027 171.633  653.964 235.904
42 505.073 182.168  653.964 235.904
43 529.489 187.857  653.964 235.904
44 548.022 194.389  653.964 235.904
45 561.089 198.816  653.964 235.904
46 573.515 202.395  653.964 235.904
47 584.04 206.612  653.964 235.904
48 592.473 209.765  653.964 235.904
49 597.731 213.355  653.964 235.904
50 602.781 216.725  653.964 235.904
51 608.053 218.831  653.964 235.904
52 612.264 219.879  653.964 235.904
53 616.05 220.724  653.964 235.904
54 619.211 222.831  653.964 235.904
55 622.374 223.465  653.964 235.904
56 624.683 224.519  653.964 235.904
57 627.42 225.576  653.964 235.904
58 629.107 225.998  653.964 235.904
59 630.795 226.628  653.964 235.904
60 632.273 227.05  653.964 235.904
61 633.961 227.682  653.964 235.904
62 635.646 228.524  653.964 235.904
63 638.595 228.737  653.964 235.904
64 639.018 229.16  653.964 235.904
65 640.069 229.792  653.964 235.904
66 640.278 229.792  653.964 235.904
67 640.913 230.214  653.964 235.904
68 641.334 230.633  653.964 235.904
69 642.386 230.633  653.964 235.904
70 643.231 230.845  653.964 235.904
71 643.231 231.056  653.964 235.904
72 643.443 231.688  653.964 235.904
73 643.653 231.897  653.964 235.904
74 644.073 231.897  653.964 235.904
75 644.284 231.897  653.964 235.904
76 644.912 232.108  653.964 235.904
77 645.544 232.108  653.964 235.904
78 645.754 232.108  653.964 235.904
79 646.383 232.316  653.964 235.904
80 646.594 232.739  653.964 235.904
81 647.437 232.952  653.964 235.904
82 647.646 232.952  653.964 235.904
83 648.065 233.164  653.964 235.904
84 648.275 233.164  653.964 235.904
85 648.275 233.164  653.964 235.904
86 648.275 233.164  653.964 235.904
87 648.275 233.374  653.964 235.904
88 648.696 233.584  653.964 235.904
89 648.696 233.797  653.964 235.904
90 648.696 234.008  653.964 235.904
91 648.907 234.008  653.964 235.904
92 649.327 234.008  653.964 235.904
93 649.749 234.008  653.964 235.904
94 649.96 234.008  653.964 235.904
95 649.96 234.008  653.964 235.904
96 650.173 234.219  653.964 235.904
97 650.594 234.637  653.964 235.904
98 650.806 234.637  653.964 235.904
99 651.017 234.637  653.964 235.904
