0 0 0  331.746 139.097
1 0 0  331.746 139.097
2 0 0  331.746 139.097
3 0 0  331.746 139.097
4 0 0  331.746 139.097
5 0 0  331.746 139.097
6 0 0  331.746 139.097
7 0 0  331.746 139.097
8 0 0  331.746 139.097
9 0 0  331.746 139.097
10 0 0  331.746 139.097
11 0 0  331.746 139.097
12 0 0  331.746 139.097
13 0 0  331.746 139.097
14 0 0  331.746 139.097
15 0 0  331.746 139.097
16 0 0  331.746 139.097
17 0 0  331.746 139.097
18 0 0  331.746 139.097
19 0 0  331.746 139.097
20 0 0  331.746 139.097
21 0 0  331.746 139.097
22 0 0  331.746 139.097
23 0 0  331.746 139.097
24 0 0  331.746 139.097
25 0 0  331.746 139.097
26 0 0  331.746 139.097
27 0 0  331.746 139.097
28 0 0  331.746 139.097
29 0 0  331.746 139.097
30 0 0  331.746 139.097
31 44.6014 20.8143  331.746 139.097
32 87.1268 37.7732  331.746 139.097
33 118.026 52.0437  331.746 139.097
34 146.872 62.1355  331.746 139.097
35 166.771 74.9148  331.746 139.097
36 189.359 83.2474  331.746 139.097
37 206.001 87.7116  331.746 139.097
38 219.957 93.0608  331.746 139.097
39 230.937 97.8107  331.746 139.097
40 237.477 103.165  331.746 139.097
41 245.209 107.929  331.746 139.097
42 256.201 111.189  331.746 139.097
43 263.941 114.751  331.746 139.097
44 270.493 115.64  331.746 139.097
45 273.768 119.199  331.746 139.097
46 277.931 120.987  331.746 139.097
47 280.907 122.176  331.746 139.097
48 282.692 124.253  331.746 139.097
49 286.857 124.847  331.746 139.097
50 289.834 125.739  331.746 139.097
51 291.315 126.335  331.746 139.097
52 293.396 126.334  331.746 139.097
53 295.172 127.515  331.746 139.097
54 296.364 128.109  331.746 139.097
55 298.444 129.294  331.746 139.097
56 300.825 130.184  331.746 139.097
57 302.904 130.781  331.746 139.097
58 304.092 130.781  331.746 139.097
59 304.98 131.672  331.746 139.097
60 307.363 132.269  331.746 139.097
61 307.954 132.269  331.746 139.097
62 309.447 133.158  331.746 139.097
63 311.231 133.458  331.746 139.097
64 311.526 133.458  331.746 139.097
65 312.717 133.755  331.746 139.097
66 313.907 133.456  331.746 139.097
67 314.802 133.749  331.746 139.097
68 315.696 134.046  331.746 139.097
69 316.293 135.236  331.746 139.097
70 316.59 135.533  331.746 139.097
71 316.888 135.533  331.746 139.097
72 317.78 135.832  331.746 139.097
73 317.78 135.832  331.746 139.097
74 318.079 136.429  331.746 139.097
75 318.675 136.429  331.746 139.097
76 318.972 136.723  331.746 139.097
77 319.56 136.723  331.746 139.097
78 319.86 137.02  331.746 139.097
79 319.86 137.319  331.746 139.097
80 320.454 137.319  331.746 139.097
81 321.045 137.319  331.746 139.097
82 321.045 137.319  331.746 139.097
83 321.045 137.319  331.746 139.097
84 321.345 137.319  331.746 139.097
85 322.233 137.616  331.746 139.097
86 322.829 137.616  331.746 139.097
87 323.128 137.616  331.746 139.097
88 323.128 137.616  331.746 139.097
89 323.722 137.616  331.746 139.097
90 323.722 137.913  331.746 139.097
91 324.017 138.21  331.746 139.097
92 324.017 138.21  331.746 139.097
93 324.313 138.21  331.746 139.097
94 324.313 138.506  331.746 139.097
95 324.313 138.506  331.746 139.097
96 324.61 138.506  331.746 139.097
97 324.907 138.506  331.746 139.097
98 324.907 138.506  331.746 139.097
99 325.206 138.506  331.746 139.097
