0 0 0  631.612 233.587
1 0 0  631.612 233.587
2 0 0  631.612 233.587
3 0 0  631.612 233.587
4 0 0  631.612 233.587
5 0 0  631.612 233.587
6 0 0  631.612 233.587
7 0 0  631.612 233.587
8 0 0  631.612 233.587
9 0 0  631.612 233.587
10 0 0  631.612 233.587
11 0 0  631.612 233.587
12 0 0  631.612 233.587
13 0 0  631.612 233.587
14 0 0  631.612 233.587
15 0 0  631.612 233.587
16 0 0  631.612 233.587
17 0 0  631.612 233.587
18 0 0  631.612 233.587
19 0 0  631.612 233.587
20 0 0  631.612 233.587
21 0 0  631.612 233.587
22 0 0  631.612 233.587
23 0 0  631.612 233.587
24 0 0  631.612 233.587
25 0 0  631.612 233.587
26 0 0  631.612 233.587
27 0 0  631.612 233.587
28 0 0  631.612 233.587
29 0 0  631.612 233.587
30 0 0  631.612 233.587
31 39.2933 15.3447  631.612 233.587
32 75.8362 29.6343  631.612 233.587
33 117.036 46.2468  631.612 233.587
34 166.38 64.0901  631.612 233.587
35 215.295 85.2953  631.612 233.587
36 262.323 102.725  631.612 233.587
37 310.417 119.727  631.612 233.587
38 358.549 137.38  631.612 233.587
39 407.476 152.5  631.612 233.587
40 446.103 166.376  631.612 233.587
41 474.035 176.46  631.612 233.587
42 496.74 184.659  631.612 233.587
43 512.709 191.167  631.612 233.587
44 524.261 198.31  631.612 233.587
45 536.444 202.715  631.612 233.587
46 549.486 204.813  631.612 233.587
47 559.575 207.964  631.612 233.587
48 567.548 207.963  631.612 233.587
49 573.642 209.435  631.612 233.587
50 578.047 212.583  631.612 233.587
51 583.934 214.054  631.612 233.587
52 587.505 215.314  631.612 233.587
53 591.284 215.736  631.612 233.587
54 594.013 216.576  631.612 233.587
55 596.318 216.995  631.612 233.587
56 599.889 218.257  631.612 233.587
57 602.835 218.677  631.612 233.587
58 604.515 219.514  631.612 233.587
59 605.565 220.353  631.612 233.587
60 607.876 220.563  631.612 233.587
61 608.919 220.981  631.612 233.587
62 609.975 221.191  631.612 233.587
63 610.606 222.66  631.612 233.587
64 611.445 223.713  631.612 233.587
65 612.915 224.973  631.612 233.587
66 613.754 225.394  631.612 233.587
67 615.013 226.023  631.612 233.587
68 615.856 226.442  631.612 233.587
69 616.906 226.861  631.612 233.587
70 617.745 227.492  631.612 233.587
71 618.164 227.702  631.612 233.587
72 619.007 228.122  631.612 233.587
73 619.849 228.122  631.612 233.587
74 620.061 228.543  631.612 233.587
75 620.692 228.543  631.612 233.587
76 621.321 228.964  631.612 233.587
77 621.532 229.175  631.612 233.587
78 621.952 229.175  631.612 233.587
79 622.584 229.175  631.612 233.587
80 622.794 229.595  631.612 233.587
81 623.003 229.595  631.612 233.587
82 623.422 230.015  631.612 233.587
83 623.422 230.015  631.612 233.587
84 623.631 230.015  631.612 233.587
85 624.262 230.015  631.612 233.587
86 624.471 230.015  631.612 233.587
87 624.681 230.437  631.612 233.587
88 624.681 230.437  631.612 233.587
89 625.1 230.437  631.612 233.587
90 625.31 230.649  631.612 233.587
91 625.52 230.859  631.612 233.587
92 625.941 230.859  631.612 233.587
93 625.941 230.859  631.612 233.587
94 625.941 231.071  631.612 233.587
95 626.151 231.073  631.612 233.587
96 626.361 231.073  631.612 233.587
97 626.361 231.073  631.612 233.587
98 626.572 231.073  631.612 233.587
99 626.783 231.073  631.612 233.587
