0 631.612 233.587 631.612 233.587
1 631.612 233.587 631.612 233.587
2 631.612 233.587 631.612 233.587
3 631.612 233.587 631.612 233.587
4 631.612 233.587 631.612 233.587
5 631.612 233.587 631.612 233.587
6 631.612 233.587 631.612 233.587
7 631.612 233.587 631.612 233.587
8 631.612 233.587 631.612 233.587
9 631.612 233.587 631.612 233.587
10 631.612 233.587 631.612 233.587
11 631.612 233.587 631.612 233.587
12 631.612 233.587 631.612 233.587
13 631.612 233.587 631.612 233.587
14 631.612 233.587 631.612 233.587
15 631.612 233.587 631.612 233.587
16 631.612 233.587 631.612 233.587
17 631.612 233.587 631.612 233.587
18 631.612 233.587 631.612 233.587
19 631.612 233.587 631.612 233.587
20 631.612 233.587 631.612 233.587
21 631.612 233.587 631.612 233.587
22 631.612 233.587 631.612 233.587
23 631.612 233.587 631.612 233.587
24 631.612 233.587 631.612 233.587
25 631.612 233.587 631.612 233.587
26 631.612 233.587 631.612 233.587
27 631.612 233.587 631.612 233.587
28 631.612 233.587 631.612 233.587
29 631.612 233.587 631.612 233.587
30 631.612 233.587 631.612 233.587
31 592.319 218.242 631.612 233.587
32 555.776 203.953 631.612 233.587
33 514.576 187.34 631.612 233.587
34 465.232 169.497 631.612 233.587
35 416.317 148.292 631.612 233.587
36 369.289 130.862 631.612 233.587
37 321.194 113.86 631.612 233.587
38 273.063 96.207 631.612 233.587
39 224.136 81.0873 631.612 233.587
40 185.509 67.2107 631.612 233.587
41 157.577 57.1265 631.612 233.587
42 134.872 48.928 631.612 233.587
43 118.903 42.4199 631.612 233.587
44 107.351 35.2764 631.612 233.587
45 95.1678 30.8717 631.612 233.587
46 82.126 28.7735 631.612 233.587
47 72.037 25.6229 631.612 233.587
48 64.0638 25.6243 631.612 233.587
49 57.9697 24.1519 631.612 233.587
50 53.5646 21.0042 631.612 233.587
51 47.6779 19.533 631.612 233.587
52 44.1071 18.2728 631.612 233.587
53 40.3278 17.8514 631.612 233.587
54 37.5987 17.0109 631.612 233.587
55 35.2939 16.5916 631.612 233.587
56 31.723 15.33 631.612 233.587
57 28.7767 14.9104 631.612 233.587
58 27.0969 14.0727 631.612 233.587
59 26.0472 13.2344 631.612 233.587
60 23.7357 13.0243 631.612 233.587
61 22.6926 12.6055 631.612 233.587
62 21.6367 12.396 631.612 233.587
63 21.0061 10.9271 631.612 233.587
64 20.1672 9.87344 631.612 233.587
65 18.6968 8.61431 631.612 233.587
66 17.8576 8.193 631.612 233.587
67 16.5988 7.56402 631.612 233.587
68 15.7557 7.14451 631.612 233.587
69 14.7061 6.72594 631.612 233.587
70 13.8666 6.09472 631.612 233.587
71 13.4475 5.88526 631.612 233.587
72 12.6048 5.46507 631.612 233.587
73 11.7624 5.46507 631.612 233.587
74 11.5507 5.04414 631.612 233.587
75 10.9196 5.04414 631.612 233.587
76 10.2907 4.62267 631.612 233.587
77 10.0803 4.41157 631.612 233.587
78 9.66031 4.41157 631.612 233.587
79 9.0275 4.41157 631.612 233.587
80 8.81769 3.99207 631.612 233.587
81 8.60882 3.99207 631.612 233.587
82 8.18993 3.57163 631.612 233.587
83 8.18993 3.57163 631.612 233.587
84 7.98106 3.57163 631.612 233.587
85 7.35008 3.57163 631.612 233.587
86 7.14118 3.57163 631.612 233.587
87 6.93119 3.15033 631.612 233.587
88 6.93119 3.15033 631.612 233.587
89 6.512 3.15033 631.612 233.587
90 6.30196 2.93796 631.612 233.587
91 6.09232 2.72744 631.612 233.587
92 5.67118 2.72744 631.612 233.587
93 5.67118 2.72744 631.612 233.587
94 5.67118 2.51614 631.612 233.587
95 5.46066 2.51341 631.612 233.587
96 5.25081 2.51341 631.612 233.587
97 5.25081 2.51341 631.612 233.587
98 5.03942 2.51341 631.612 233.587
99 4.82855 2.51341 631.612 233.587
