0 0 0  463.68 189.395
1 0 0  463.68 189.395
2 0 0  463.68 189.395
3 0 0  463.68 189.395
4 0 0  463.68 189.395
5 0 0  463.68 189.395
6 0 0  463.68 189.395
7 0 0  463.68 189.395
8 0 0  463.68 189.395
9 0 0  463.68 189.395
10 0 0  463.68 189.395
11 0 0  463.68 189.395
12 0 0  463.68 189.395
13 0 0  463.68 189.395
14 0 0  463.68 189.395
15 0 0  463.68 189.395
16 0 0  463.68 189.395
17 0 0  463.68 189.395
18 0 0  463.68 189.395
19 0 0  463.68 189.395
20 0 0  463.68 189.395
21 0 0  463.68 189.395
22 0 0  463.68 189.395
23 0 0  463.68 189.395
24 0 0  463.68 189.395
25 0 0  463.68 189.395
26 0 0  463.68 189.395
27 0 0  463.68 189.395
28 0 0  463.68 189.395
29 0 0  463.68 189.395
30 0 0  463.68 189.395
31 76.6213 32.2289  463.68 189.395
32 143.651 57.9804  463.68 189.395
33 188.475 76.1884  463.68 189.395
34 225.307 91.9516  463.68 189.395
35 257.052 109.478  463.68 189.395
36 276.569 117.476  463.68 189.395
37 298.522 126.578  463.68 189.395
38 313.618 134.554  463.68 189.395
39 331.14 141  463.68 189.395
40 345.787 145.219  463.68 189.395
41 355.785 150.33  463.68 189.395
42 368.217 154.32  463.68 189.395
43 376.441 156.536  463.68 189.395
44 381.764 158.753  463.68 189.395
45 389.087 159.865  463.68 189.395
46 396.635 161.425  463.68 189.395
47 400.855 163.644  463.68 189.395
48 408.177 164.974  463.68 189.395
49 412.391 165.856  463.68 189.395
50 415.277 167.633  463.68 189.395
51 418.831 169.858  463.68 189.395
52 421.716 171.64  463.68 189.395
53 425.261 172.302  463.68 189.395
54 426.811 172.969  463.68 189.395
55 429.926 173.639  463.68 189.395
56 432.148 175.407  463.68 189.395
57 434.141 176.297  463.68 189.395
58 435.917 176.74  463.68 189.395
59 437.474 177.624  463.68 189.395
60 438.806 177.626  463.68 189.395
61 441.247 178.963  463.68 189.395
62 443.027 179.408  463.68 189.395
63 444.367 180.517  463.68 189.395
64 445.031 181.406  463.68 189.395
65 445.475 181.63  463.68 189.395
66 445.922 182.298  463.68 189.395
67 446.81 182.742  463.68 189.395
68 447.474 182.964  463.68 189.395
69 448.36 183.185  463.68 189.395
70 449.471 183.185  463.68 189.395
71 450.14 183.632  463.68 189.395
72 451.473 183.854  463.68 189.395
73 451.697 183.854  463.68 189.395
74 452.365 184.297  463.68 189.395
75 453.033 184.967  463.68 189.395
76 453.254 185.411  463.68 189.395
77 453.477 185.631  463.68 189.395
78 454.143 185.853  463.68 189.395
79 454.586 186.075  463.68 189.395
80 455.031 186.298  463.68 189.395
81 455.695 186.519  463.68 189.395
82 456.136 186.519  463.68 189.395
83 456.136 186.519  463.68 189.395
84 456.136 186.519  463.68 189.395
85 456.136 186.739  463.68 189.395
86 456.58 186.959  463.68 189.395
87 456.58 186.959  463.68 189.395
88 456.58 186.959  463.68 189.395
89 456.58 187.179  463.68 189.395
90 456.803 187.179  463.68 189.395
91 457.248 187.179  463.68 189.395
92 457.248 187.179  463.68 189.395
93 457.248 187.179  463.68 189.395
94 457.248 187.179  463.68 189.395
95 457.47 187.179  463.68 189.395
96 457.47 187.179  463.68 189.395
97 457.693 187.402  463.68 189.395
98 457.693 187.402  463.68 189.395
99 458.136 187.622  463.68 189.395
