0 94.052 39.2316 94.052 39.2316
1 94.052 39.2316 94.052 39.2316
2 94.052 39.2316 94.052 39.2316
3 94.052 39.2316 94.052 39.2316
4 94.052 39.2316 94.052 39.2316
5 94.052 39.2316 94.052 39.2316
6 94.052 39.2316 94.052 39.2316
7 94.052 39.2316 94.052 39.2316
8 94.052 39.2316 94.052 39.2316
9 94.052 39.2316 94.052 39.2316
10 94.052 39.2316 94.052 39.2316
11 94.052 39.2316 94.052 39.2316
12 94.052 39.2316 94.052 39.2316
13 94.052 39.2316 94.052 39.2316
14 94.052 39.2316 94.052 39.2316
15 94.052 39.2316 94.052 39.2316
16 94.052 39.2316 94.052 39.2316
17 94.052 39.2316 94.052 39.2316
18 94.052 39.2316 94.052 39.2316
19 94.052 39.2316 94.052 39.2316
20 94.052 39.2316 94.052 39.2316
21 94.052 39.2316 94.052 39.2316
22 94.052 39.2316 94.052 39.2316
23 94.052 39.2316 94.052 39.2316
24 94.052 39.2316 94.052 39.2316
25 94.052 39.2316 94.052 39.2316
26 94.052 39.2316 94.052 39.2316
27 94.052 39.2316 94.052 39.2316
28 94.052 39.2316 94.052 39.2316
29 94.052 39.2316 94.052 39.2316
30 94.052 39.2316 94.052 39.2316
31 94.052 39.2316 94.052 39.2316
32 93.2726 38.1924 94.052 39.2316
33 93.0128 37.413 94.052 39.2316
34 91.7137 37.413 94.052 39.2316
35 91.1941 37.1531 94.052 39.2316
36 90.4147 36.3737 94.052 39.2316
37 89.895 36.1139 94.052 39.2316
38 89.3754 36.1139 94.052 39.2316
39 88.0763 35.0747 94.052 39.2316
40 86.5175 34.8148 94.052 39.2316
41 85.4782 34.2952 94.052 39.2316
42 84.439 34.2952 94.052 39.2316
43 82.1007 33.7756 94.052 39.2316
44 81.0614 33.256 94.052 39.2316
45 80.282 32.2167 94.052 39.2316
46 78.7231 31.6971 94.052 39.2316
47 77.6839 30.1382 94.052 39.2316
48 76.6446 29.3588 94.052 39.2316
49 75.6054 29.099 94.052 39.2316
50 73.7867 28.5793 94.052 39.2316
51 71.968 28.3195 94.052 39.2316
52 70.6689 27.7999 94.052 39.2316
53 69.3699 27.5401 94.052 39.2316
54 67.2914 26.5008 94.052 39.2316
55 65.9923 26.241 94.052 39.2316
56 65.4727 25.9812 94.052 39.2316
57 64.9531 25.7214 94.052 39.2316
58 64.6932 24.4223 94.052 39.2316
59 62.3549 23.6429 94.052 39.2316
60 61.0559 23.6429 94.052 39.2316
61 58.4578 23.3831 94.052 39.2316
62 57.4185 23.3831 94.052 39.2316
63 56.3793 22.8635 94.052 39.2316
64 55.34 21.8242 94.052 39.2316
65 54.3008 21.0448 94.052 39.2316
66 52.7419 20.0055 94.052 39.2316
67 51.7026 19.7457 94.052 39.2316
68 49.6241 19.2261 94.052 39.2316
69 48.3251 18.4467 94.052 39.2316
70 47.5456 17.4074 94.052 39.2316
71 45.4671 16.8878 94.052 39.2316
72 43.6485 16.3682 94.052 39.2316
73 42.869 16.1084 94.052 39.2316
74 42.3494 15.8485 94.052 39.2316
75 40.5307 15.3289 94.052 39.2316
76 39.4915 14.8093 94.052 39.2316
77 38.9718 13.5102 94.052 39.2316
78 37.1531 13.5102 94.052 39.2316
79 36.1139 13.2504 94.052 39.2316
80 34.8148 12.7308 94.052 39.2316
81 34.8148 12.7308 94.052 39.2316
82 33.7756 12.7308 94.052 39.2316
83 32.2167 12.7308 94.052 39.2316
84 31.1775 11.9514 94.052 39.2316
85 29.8784 11.1719 94.052 39.2316
86 29.3588 11.1719 94.052 39.2316
87 28.3195 10.3925 94.052 39.2316
88 28.0597 9.87286 94.052 39.2316
89 28.0597 9.61305 94.052 39.2316
90 27.5401 9.61305 94.052 39.2316
91 26.5008 9.09343 94.052 39.2316
92 25.2018 8.83362 94.052 39.2316
93 24.942 8.5738 94.052 39.2316
94 24.4223 8.31399 94.052 39.2316
95 23.3831 8.05418 94.052 39.2316
96 23.3831 8.05418 94.052 39.2316
97 22.6037 7.79437 94.052 39.2316
98 21.5644 7.79437 94.052 39.2316
99 20.5252 7.53455 94.052 39.2316
