0 0 0  94.052 39.2316
1 0 0  94.052 39.2316
2 0 0  94.052 39.2316
3 0 0  94.052 39.2316
4 0 0  94.052 39.2316
5 0 0  94.052 39.2316
6 0 0  94.052 39.2316
7 0 0  94.052 39.2316
8 0 0  94.052 39.2316
9 0 0  94.052 39.2316
10 0 0  94.052 39.2316
11 0 0  94.052 39.2316
12 0 0  94.052 39.2316
13 0 0  94.052 39.2316
14 0 0  94.052 39.2316
15 0 0  94.052 39.2316
16 0 0  94.052 39.2316
17 0 0  94.052 39.2316
18 0 0  94.052 39.2316
19 0 0  94.052 39.2316
20 0 0  94.052 39.2316
21 0 0  94.052 39.2316
22 0 0  94.052 39.2316
23 0 0  94.052 39.2316
24 0 0  94.052 39.2316
25 0 0  94.052 39.2316
26 0 0  94.052 39.2316
27 0 0  94.052 39.2316
28 0 0  94.052 39.2316
29 0 0  94.052 39.2316
30 0 0  94.052 39.2316
31 0 0  94.052 39.2316
32 0.779437 1.03925  94.052 39.2316
33 1.03925 1.81869  94.052 39.2316
34 2.33831 1.81869  94.052 39.2316
35 2.85793 2.0785  94.052 39.2316
36 3.63737 2.85793  94.052 39.2316
37 4.157 3.11775  94.052 39.2316
38 4.67662 3.11775  94.052 39.2316
39 5.97568 4.157  94.052 39.2316
40 7.53455 4.41681  94.052 39.2316
41 8.5738 4.93643  94.052 39.2316
42 9.61305 4.93643  94.052 39.2316
43 11.9514 5.45606  94.052 39.2316
44 12.9906 5.97568  94.052 39.2316
45 13.77 7.01493  94.052 39.2316
46 15.3289 7.53455  94.052 39.2316
47 16.3682 9.09343  94.052 39.2316
48 17.4074 9.87286  94.052 39.2316
49 18.4467 10.1327  94.052 39.2316
50 20.2654 10.6523  94.052 39.2316
51 22.084 10.9121  94.052 39.2316
52 23.3831 11.4317  94.052 39.2316
53 24.6822 11.6916  94.052 39.2316
54 26.7607 12.7308  94.052 39.2316
55 28.0597 12.9906  94.052 39.2316
56 28.5793 13.2504  94.052 39.2316
57 29.099 13.5102  94.052 39.2316
58 29.3588 14.8093  94.052 39.2316
59 31.6971 15.5887  94.052 39.2316
60 32.9962 15.5887  94.052 39.2316
61 35.5943 15.8485  94.052 39.2316
62 36.6335 15.8485  94.052 39.2316
63 37.6728 16.3682  94.052 39.2316
64 38.712 17.4074  94.052 39.2316
65 39.7513 18.1869  94.052 39.2316
66 41.3101 19.2261  94.052 39.2316
67 42.3494 19.4859  94.052 39.2316
68 44.4279 20.0055  94.052 39.2316
69 45.727 20.785  94.052 39.2316
70 46.5064 21.8242  94.052 39.2316
71 48.5849 22.3439  94.052 39.2316
72 50.4036 22.8635  94.052 39.2316
73 51.183 23.1233  94.052 39.2316
74 51.7026 23.3831  94.052 39.2316
75 53.5213 23.9027  94.052 39.2316
76 54.5606 24.4223  94.052 39.2316
77 55.0802 25.7214  94.052 39.2316
78 56.8989 25.7214  94.052 39.2316
79 57.9381 25.9812  94.052 39.2316
80 59.2372 26.5008  94.052 39.2316
81 59.2372 26.5008  94.052 39.2316
82 60.2764 26.5008  94.052 39.2316
83 61.8353 26.5008  94.052 39.2316
84 62.8746 27.2803  94.052 39.2316
85 64.1736 28.0597  94.052 39.2316
86 64.6932 28.0597  94.052 39.2316
87 65.7325 28.8392  94.052 39.2316
88 65.9923 29.3588  94.052 39.2316
89 65.9923 29.6186  94.052 39.2316
90 66.5119 29.6186  94.052 39.2316
91 67.5512 30.1382  94.052 39.2316
92 68.8502 30.398  94.052 39.2316
93 69.1101 30.6578  94.052 39.2316
94 69.6297 30.9177  94.052 39.2316
95 70.6689 31.1775  94.052 39.2316
96 70.6689 31.1775  94.052 39.2316
97 71.4484 31.4373  94.052 39.2316
98 72.4876 31.4373  94.052 39.2316
99 73.5269 31.6971  94.052 39.2316
