0 0 0  380.376 3.90129
1 0 0  380.376 3.90129
2 0 0  380.376 3.90129
3 0 0  380.376 3.90129
4 0 0  380.376 3.90129
5 0 0  380.376 3.90129
6 0 0  380.376 3.90129
7 0 0  380.376 3.90129
8 0 0  380.376 3.90129
9 0 0  380.376 3.90129
10 0 0  380.376 3.90129
11 0 0  380.376 3.90129
12 0 0  380.376 3.90129
13 0 0  380.376 3.90129
14 0 0  380.376 3.90129
15 0 0  380.376 3.90129
16 0 0  380.376 3.90129
17 0 0  380.376 3.90129
18 0 0  380.376 3.90129
19 0 0  380.376 3.90129
20 0 0  380.376 3.90129
21 0 0  380.376 3.90129
22 0 0  380.376 3.90129
23 0 0  380.376 3.90129
24 0 0  380.376 3.90129
25 0 0  380.376 3.90129
26 0 0  380.376 3.90129
27 0 0  380.376 3.90129
28 0 0  380.376 3.90129
29 0 0  380.376 3.90129
30 0 0  380.376 3.90129
31 21.4571 0  380.376 3.90129
32 46.8155 0  380.376 3.90129
33 68.2725 0  380.376 3.90129
34 76.0751 0  380.376 3.90129
35 93.6309 1.95064  380.376 3.90129
36 111.187 1.95064  380.376 3.90129
37 118.989 1.95064  380.376 3.90129
38 124.841 1.95064  380.376 3.90129
39 130.693 1.95064  380.376 3.90129
40 146.298 1.95064  380.376 3.90129
41 156.052 1.95064  380.376 3.90129
42 167.755 1.95064  380.376 3.90129
43 179.459 1.95064  380.376 3.90129
44 187.262 1.95064  380.376 3.90129
45 195.064 1.95064  380.376 3.90129
46 206.768 1.95064  380.376 3.90129
47 204.818 1.95064  380.376 3.90129
48 200.916 3.90129  380.376 3.90129
49 206.768 3.90129  380.376 3.90129
50 218.472 3.90129  380.376 3.90129
51 228.225 3.90129  380.376 3.90129
52 237.979 3.90129  380.376 3.90129
53 241.88 3.90129  380.376 3.90129
54 241.88 3.90129  380.376 3.90129
55 245.781 3.90129  380.376 3.90129
56 247.732 3.90129  380.376 3.90129
57 253.584 3.90129  380.376 3.90129
58 255.534 3.90129  380.376 3.90129
59 259.436 3.90129  380.376 3.90129
60 265.288 3.90129  380.376 3.90129
61 265.288 5.85193  380.376 3.90129
62 271.14 5.85193  380.376 3.90129
63 273.09 5.85193  380.376 3.90129
64 278.942 5.85193  380.376 3.90129
65 288.695 5.85193  380.376 3.90129
66 290.646 5.85193  380.376 3.90129
67 298.449 5.85193  380.376 3.90129
68 302.35 5.85193  380.376 3.90129
69 306.251 5.85193  380.376 3.90129
70 308.202 5.85193  380.376 3.90129
71 312.103 5.85193  380.376 3.90129
72 317.955 5.85193  380.376 3.90129
73 325.758 5.85193  380.376 3.90129
74 325.758 5.85193  380.376 3.90129
75 325.758 5.85193  380.376 3.90129
76 325.758 5.85193  380.376 3.90129
77 325.758 5.85193  380.376 3.90129
78 327.708 5.85193  380.376 3.90129
79 331.609 5.85193  380.376 3.90129
80 325.758 5.85193  380.376 3.90129
81 325.758 5.85193  380.376 3.90129
82 325.758 5.85193  380.376 3.90129
83 325.758 5.85193  380.376 3.90129
84 325.758 5.85193  380.376 3.90129
85 327.708 5.85193  380.376 3.90129
86 333.56 5.85193  380.376 3.90129
87 333.56 5.85193  380.376 3.90129
88 339.412 5.85193  380.376 3.90129
89 341.363 5.85193  380.376 3.90129
90 345.264 5.85193  380.376 3.90129
91 343.313 5.85193  380.376 3.90129
92 345.264 5.85193  380.376 3.90129
93 343.313 5.85193  380.376 3.90129
94 345.264 5.85193  380.376 3.90129
95 345.264 5.85193  380.376 3.90129
96 347.215 5.85193  380.376 3.90129
97 349.165 5.85193  380.376 3.90129
98 349.165 5.85193  380.376 3.90129
99 351.116 5.85193  380.376 3.90129
