0 308.021 102.674 308.021 102.674
1 308.021 102.674 308.021 102.674
2 308.021 102.674 308.021 102.674
3 308.021 102.674 308.021 102.674
4 308.021 102.674 308.021 102.674
5 308.021 102.674 308.021 102.674
6 308.021 102.674 308.021 102.674
7 308.021 102.674 308.021 102.674
8 308.021 102.674 308.021 102.674
9 308.021 102.674 308.021 102.674
10 308.021 102.674 308.021 102.674
11 308.021 102.674 308.021 102.674
12 308.021 102.674 308.021 102.674
13 308.021 102.674 308.021 102.674
14 308.021 102.674 308.021 102.674
15 308.021 102.674 308.021 102.674
16 308.021 102.674 308.021 102.674
17 308.021 102.674 308.021 102.674
18 308.021 102.674 308.021 102.674
19 308.021 102.674 308.021 102.674
20 308.021 102.674 308.021 102.674
21 308.021 102.674 308.021 102.674
22 308.021 102.674 308.021 102.674
23 308.021 102.674 308.021 102.674
24 308.021 102.674 308.021 102.674
25 308.021 102.674 308.021 102.674
26 308.021 102.674 308.021 102.674
27 308.021 102.674 308.021 102.674
28 308.021 102.674 308.021 102.674
29 308.021 102.674 308.021 102.674
30 308.021 102.674 308.021 102.674
31 308.021 102.674 308.021 102.674
32 308.021 102.674 308.021 102.674
33 308.021 102.674 308.021 102.674
34 308.021 102.674 308.021 102.674
35 308.021 102.674 308.021 102.674
36 308.021 102.674 308.021 102.674
37 308.021 102.674 308.021 102.674
38 308.021 102.674 308.021 102.674
39 205.348 102.674 308.021 102.674
40 205.348 102.674 308.021 102.674
41 205.348 102.674 308.021 102.674
42 205.348 102.674 308.021 102.674
43 205.348 102.674 308.021 102.674
44 205.348 102.674 308.021 102.674
45 205.348 102.674 308.021 102.674
46 205.348 102.674 308.021 102.674
47 102.674 102.674 308.021 102.674
48 102.674 102.674 308.021 102.674
49 102.674 102.674 308.021 102.674
50 102.674 102.674 308.021 102.674
51 102.674 102.674 308.021 102.674
52 102.674 102.674 308.021 102.674
53 102.674 102.674 308.021 102.674
54 102.674 102.674 308.021 102.674
55 102.674 102.674 308.021 102.674
56 102.674 0 308.021 102.674
57 102.674 0 308.021 102.674
58 102.674 0 308.021 102.674
59 102.674 0 308.021 102.674
60 102.674 0 308.021 102.674
61 102.674 0 308.021 102.674
62 102.674 0 308.021 102.674
63 102.674 0 308.021 102.674
64 102.674 0 308.021 102.674
65 102.674 0 308.021 102.674
66 102.674 0 308.021 102.674
67 102.674 0 308.021 102.674
68 102.674 0 308.021 102.674
69 102.674 0 308.021 102.674
70 102.674 0 308.021 102.674
71 102.674 0 308.021 102.674
72 102.674 0 308.021 102.674
73 102.674 0 308.021 102.674
74 102.674 0 308.021 102.674
75 102.674 0 308.021 102.674
76 102.674 0 308.021 102.674
77 102.674 0 308.021 102.674
78 102.674 0 308.021 102.674
79 102.674 0 308.021 102.674
80 102.674 0 308.021 102.674
81 102.674 0 308.021 102.674
82 102.674 0 308.021 102.674
83 102.674 0 308.021 102.674
84 102.674 0 308.021 102.674
85 102.674 0 308.021 102.674
86 102.674 0 308.021 102.674
87 102.674 0 308.021 102.674
88 102.674 0 308.021 102.674
89 102.674 0 308.021 102.674
90 102.674 0 308.021 102.674
91 102.674 0 308.021 102.674
92 102.674 0 308.021 102.674
93 102.674 0 308.021 102.674
94 102.674 0 308.021 102.674
95 102.674 0 308.021 102.674
96 102.674 0 308.021 102.674
97 102.674 0 308.021 102.674
98 102.674 0 308.021 102.674
99 102.674 0 308.021 102.674
