0 0 0 8921 23.2823
1 0 0 8921 23.2823
2 0 0 8921 23.2823
3 0 0 8921 23.2823
4 0 0 8921 23.2823
5 0 0 8921 23.2823
6 0 0 8921 23.2823
7 0 0 8921 23.2823
8 0 0 8921 23.2823
9 0 0 8921 23.2823
10 0 0 8921 23.2823
11 0 0 8921 23.2823
12 0 0 8921 23.2823
13 0 0 8921 23.2823
14 0 0 8921 23.2823
15 0 0 8921 23.2823
16 0 0 8921 23.2823
17 0 0 8921 23.2823
18 0 0 8921 23.2823
19 0 0 8921 23.2823
20 0 0 8921 23.2823
21 0 0 8921 23.2823
22 0 0 8921 23.2823
23 0 0 8921 23.2823
24 0 0 8921 23.2823
25 0 0 8921 23.2823
26 0 0 8921 23.2823
27 0 0 8921 23.2823
28 0 0 8921 23.2823
29 0 0 8921 23.2823
30 0 0 8921 23.2823
31 162.976 3.88038 8921 23.2823
32 322.072 3.88038 8921 23.2823
33 496.689 3.88038 8921 23.2823
34 760.555 7.76077 8921 23.2823
35 923.531 7.76077 8921 23.2823
36 1179.64 7.76077 8921 23.2823
37 1412.46 7.76077 8921 23.2823
38 1711.25 7.76077 8921 23.2823
39 1990.64 11.6412 8921 23.2823
40 2370.91 11.6412 8921 23.2823
41 2716.27 11.6412 8921 23.2823
42 3081.03 11.6412 8921 23.2823
43 3430.26 11.6412 8921 23.2823
44 3833.82 11.6412 8921 23.2823
45 4280.06 11.6412 8921 23.2823
46 4609.9 11.6412 8921 23.2823
47 4959.13 11.6412 8921 23.2823
48 5191.95 11.6412 8921 23.2823
49 5552.83 7.76077 8921 23.2823
50 5867.14 7.76077 8921 23.2823
51 6111.61 7.76077 8921 23.2823
52 6371.59 7.76077 8921 23.2823
53 6550.09 11.6412 8921 23.2823
54 6763.51 11.6412 8921 23.2823
55 6965.29 15.5215 8921 23.2823
56 7089.46 15.5215 8921 23.2823
57 7248.56 11.6412 8921 23.2823
58 7411.53 11.6412 8921 23.2823
59 7465.86 7.76077 8921 23.2823
60 7578.39 7.76077 8921 23.2823
61 7702.56 15.5215 8921 23.2823
62 7756.89 15.5215 8921 23.2823
63 7846.14 19.4019 8921 23.2823
64 7896.58 19.4019 8921 23.2823
65 7962.55 23.2823 8921 23.2823
66 8059.56 23.2823 8921 23.2823
67 8106.12 23.2823 8921 23.2823
68 8144.93 23.2823 8921 23.2823
69 8207.01 23.2823 8921 23.2823
70 8257.46 23.2823 8921 23.2823
71 8265.22 23.2823 8921 23.2823
72 8304.02 23.2823 8921 23.2823
73 8331.18 23.2823 8921 23.2823
74 8327.3 23.2823 8921 23.2823
75 8381.63 23.2823 8921 23.2823
76 8424.31 23.2823 8921 23.2823
77 8435.96 23.2823 8921 23.2823
78 8470.88 23.2823 8921 23.2823
79 8505.8 23.2823 8921 23.2823
80 8521.32 23.2823 8921 23.2823
81 8536.85 23.2823 8921 23.2823
82 8564.01 23.2823 8921 23.2823
83 8598.93 23.2823 8921 23.2823
84 8614.45 23.2823 8921 23.2823
85 8653.26 23.2823 8921 23.2823
86 8668.78 23.2823 8921 23.2823
87 8657.14 27.1627 8921 23.2823
88 8664.9 27.1627 8921 23.2823
89 8695.94 27.1627 8921 23.2823
90 8723.1 27.1627 8921 23.2823
91 8750.27 27.1627 8921 23.2823
92 8754.15 27.1627 8921 23.2823
93 8761.91 27.1627 8921 23.2823
94 8765.79 27.1627 8921 23.2823
95 8769.67 27.1627 8921 23.2823
96 8769.67 27.1627 8921 23.2823
97 8769.67 27.1627 8921 23.2823
98 8773.55 27.1627 8921 23.2823
99 8785.19 27.1627 8921 23.2823
