0 331.746 139.097 331.746 139.097
1 331.746 139.097 331.746 139.097
2 331.746 139.097 331.746 139.097
3 331.746 139.097 331.746 139.097
4 331.746 139.097 331.746 139.097
5 331.746 139.097 331.746 139.097
6 331.746 139.097 331.746 139.097
7 331.746 139.097 331.746 139.097
8 331.746 139.097 331.746 139.097
9 331.746 139.097 331.746 139.097
10 331.746 139.097 331.746 139.097
11 331.746 139.097 331.746 139.097
12 331.746 139.097 331.746 139.097
13 331.746 139.097 331.746 139.097
14 331.746 139.097 331.746 139.097
15 331.746 139.097 331.746 139.097
16 331.746 139.097 331.746 139.097
17 331.746 139.097 331.746 139.097
18 331.746 139.097 331.746 139.097
19 331.746 139.097 331.746 139.097
20 331.746 139.097 331.746 139.097
21 331.746 139.097 331.746 139.097
22 331.746 139.097 331.746 139.097
23 331.746 139.097 331.746 139.097
24 331.746 139.097 331.746 139.097
25 331.746 139.097 331.746 139.097
26 331.746 139.097 331.746 139.097
27 331.746 139.097 331.746 139.097
28 331.746 139.097 331.746 139.097
29 331.746 139.097 331.746 139.097
30 331.746 139.097 331.746 139.097
31 287.145 118.283 331.746 139.097
32 244.619 101.324 331.746 139.097
33 213.72 87.0537 331.746 139.097
34 184.874 76.9619 331.746 139.097
35 164.975 64.1827 331.746 139.097
36 142.387 55.85 331.746 139.097
37 125.745 51.3858 331.746 139.097
38 111.789 46.0366 331.746 139.097
39 100.809 41.2867 331.746 139.097
40 94.2695 35.9326 331.746 139.097
41 86.537 31.1681 331.746 139.097
42 75.5456 27.9085 331.746 139.097
43 67.8056 24.3462 331.746 139.097
44 61.2536 23.457 331.746 139.097
45 57.9786 19.8987 331.746 139.097
46 53.8151 18.1104 331.746 139.097
47 50.8394 16.9211 331.746 139.097
48 49.0543 14.8447 331.746 139.097
49 44.8893 14.2502 331.746 139.097
50 41.9123 13.3581 331.746 139.097
51 40.4315 12.7625 331.746 139.097
52 38.3507 12.7636 331.746 139.097
53 36.5744 11.5821 331.746 139.097
54 35.3819 10.9883 331.746 139.097
55 33.302 9.80329 331.746 139.097
56 30.9214 8.91324 331.746 139.097
57 28.8421 8.31683 331.746 139.097
58 27.6546 8.31683 331.746 139.097
59 26.7661 7.42522 331.746 139.097
60 24.3827 6.828 331.746 139.097
61 23.7919 6.828 331.746 139.097
62 22.2993 5.93933 331.746 139.097
63 20.5152 5.63943 331.746 139.097
64 20.2202 5.63943 331.746 139.097
65 19.0296 5.34209 331.746 139.097
66 17.8397 5.64159 331.746 139.097
67 16.9445 5.34824 331.746 139.097
68 16.0504 5.05177 331.746 139.097
69 15.453 3.8619 331.746 139.097
70 15.1558 3.56451 331.746 139.097
71 14.8579 3.56451 331.746 139.097
72 13.9664 3.26529 331.746 139.097
73 13.9664 3.26529 331.746 139.097
74 13.6667 2.66805 331.746 139.097
75 13.0714 2.66805 331.746 139.097
76 12.7745 2.3747 331.746 139.097
77 12.1861 2.3747 331.746 139.097
78 11.8867 2.07732 331.746 139.097
79 11.8867 1.77836 331.746 139.097
80 11.2922 1.77836 331.746 139.097
81 10.7008 1.77836 331.746 139.097
82 10.7008 1.77836 331.746 139.097
83 10.7008 1.77836 331.746 139.097
84 10.4011 1.77836 331.746 139.097
85 9.51349 1.48152 331.746 139.097
86 8.91708 1.48152 331.746 139.097
87 8.61788 1.48152 331.746 139.097
88 8.61788 1.48152 331.746 139.097
89 8.02441 1.48152 331.746 139.097
90 8.02441 1.18427 331.746 139.097
91 7.72942 0.887585 331.746 139.097
92 7.72942 0.887585 331.746 139.097
93 7.43292 0.887585 331.746 139.097
94 7.43292 0.59125 331.746 139.097
95 7.43292 0.59125 331.746 139.097
96 7.1361 0.59125 331.746 139.097
97 6.83942 0.59125 331.746 139.097
98 6.83942 0.59125 331.746 139.097
99 6.54062 0.59125 331.746 139.097
