0 0 0  644.909 239.117
1 0 0  644.909 239.117
2 0 0  644.909 239.117
3 0 0  644.909 239.117
4 0 0  644.909 239.117
5 0 0  644.909 239.117
6 0 0  644.909 239.117
7 0 0  644.909 239.117
8 0 0  644.909 239.117
9 0 0  644.909 239.117
10 0 0  644.909 239.117
11 0 0  644.909 239.117
12 0 0  644.909 239.117
13 0 0  644.909 239.117
14 0 0  644.909 239.117
15 0 0  644.909 239.117
16 0 0  644.909 239.117
17 0 0  644.909 239.117
18 0 0  644.909 239.117
19 0 0  644.909 239.117
20 0 0  644.909 239.117
21 0 0  644.909 239.117
22 0 0  644.909 239.117
23 0 0  644.909 239.117
24 0 0  644.909 239.117
25 0 0  644.909 239.117
26 0 0  644.909 239.117
27 0 0  644.909 239.117
28 0 0  644.909 239.117
29 0 0  644.909 239.117
30 0 0  644.909 239.117
31 42.5617 13.347  644.909 239.117
32 89.7559 31.3803  644.909 239.117
33 142.488 50.0403  644.909 239.117
34 194.947 72.3162  644.909 239.117
35 247.154 96.5865  644.909 239.117
36 302.964 114.642  644.909 239.117
37 354.9 133.902  644.909 239.117
38 399.982 151.348  644.909 239.117
39 436.646 163.779  644.909 239.117
40 468.546 174.225  644.909 239.117
41 496.824 180.65  644.909 239.117
42 517.502 188.486  644.909 239.117
43 532.074 193.712  644.909 239.117
44 543.725 197.865  644.909 239.117
45 554.57 202.433  644.909 239.117
46 564.003 204.84  644.909 239.117
47 572.028 207.053  644.909 239.117
48 578.242 210.269  644.909 239.117
49 586.487 213.072  644.909 239.117
50 590.908 215.885  644.909 239.117
51 596.131 218.095  644.909 239.117
52 599.742 219.899  644.909 239.117
53 602.357 221.104  644.909 239.117
54 604.969 222.706  644.909 239.117
55 607.584 223.463  644.909 239.117
56 609.795 224.863  644.909 239.117
57 612.809 225.264  644.909 239.117
58 614.014 226.864  644.909 239.117
59 615.216 227.669  644.909 239.117
60 617.225 228.469  644.909 239.117
61 619.032 228.874  644.909 239.117
62 620.836 229.476  644.909 239.117
63 622.238 230.478  644.909 239.117
64 622.841 231.884  644.909 239.117
65 623.849 232.284  644.909 239.117
66 624.248 232.484  644.909 239.117
67 624.85 233.091  644.909 239.117
68 626.056 233.293  644.909 239.117
69 627.058 233.694  644.909 239.117
70 627.658 234.095  644.909 239.117
71 628.856 234.095  644.909 239.117
72 629.661 234.095  644.909 239.117
73 630.67 234.297  644.909 239.117
74 630.872 234.297  644.909 239.117
75 631.673 234.497  644.909 239.117
76 632.073 234.698  644.909 239.117
77 632.677 234.698  644.909 239.117
78 632.677 234.698  644.909 239.117
79 633.277 234.698  644.909 239.117
80 633.678 234.899  644.909 239.117
81 633.678 235.299  644.909 239.117
82 633.877 235.299  644.909 239.117
83 634.077 235.501  644.909 239.117
84 634.278 235.702  644.909 239.117
85 635.079 235.702  644.909 239.117
86 635.479 236.103  644.909 239.117
87 636.886 236.103  644.909 239.117
88 637.49 236.706  644.909 239.117
89 637.691 236.706  644.909 239.117
90 638.097 236.706  644.909 239.117
91 638.297 236.706  644.909 239.117
92 638.696 236.706  644.909 239.117
93 639.296 236.907  644.909 239.117
94 639.899 236.907  644.909 239.117
95 640.098 236.907  644.909 239.117
96 640.098 236.907  644.909 239.117
97 640.098 237.108  644.909 239.117
98 640.098 237.108  644.909 239.117
99 640.098 237.108  644.909 239.117
