0 647.542 226.822 647.542 226.822
1 647.542 226.822 647.542 226.822
2 647.542 226.822 647.542 226.822
3 647.542 226.822 647.542 226.822
4 647.542 226.822 647.542 226.822
5 647.542 226.822 647.542 226.822
6 647.542 226.822 647.542 226.822
7 647.542 226.822 647.542 226.822
8 647.542 226.822 647.542 226.822
9 647.542 226.822 647.542 226.822
10 647.542 226.822 647.542 226.822
11 647.542 226.822 647.542 226.822
12 647.542 226.822 647.542 226.822
13 647.542 226.822 647.542 226.822
14 647.542 226.822 647.542 226.822
15 647.542 226.822 647.542 226.822
16 647.542 226.822 647.542 226.822
17 647.542 226.822 647.542 226.822
18 647.542 226.822 647.542 226.822
19 647.542 226.822 647.542 226.822
20 647.542 226.822 647.542 226.822
21 647.542 226.822 647.542 226.822
22 647.542 226.822 647.542 226.822
23 647.542 226.822 647.542 226.822
24 647.542 226.822 647.542 226.822
25 647.542 226.822 647.542 226.822
26 647.542 226.822 647.542 226.822
27 647.542 226.822 647.542 226.822
28 647.542 226.822 647.542 226.822
29 647.542 226.822 647.542 226.822
30 647.542 226.822 647.542 226.822
31 613.984 213.805 647.542 226.822
32 580.245 201.63 647.542 226.822
33 538.374 189.458 647.542 226.822
34 502.704 176.205 647.542 226.822
35 457.832 159.75 647.542 226.822
36 415.355 147.14 647.542 226.822
37 366.205 130.058 647.542 226.822
38 319.673 114.005 647.542 226.822
39 273.755 91.7955 647.542 226.822
40 228.908 79.0045 647.542 226.822
41 192.858 64.9155 647.542 226.822
42 161.232 54.4493 647.542 226.822
43 137.959 48.2546 647.542 226.822
44 114.892 40.7964 647.542 226.822
45 94.4005 36.3084 647.542 226.822
46 81.813 31.4032 647.542 226.822
47 69.6191 27.562 647.542 226.822
48 63.6355 24.5801 647.542 226.822
49 57.0156 20.9455 647.542 226.822
50 53.3758 17.7468 647.542 226.822
51 47.609 15.6111 647.542 226.822
52 42.4813 14.971 647.542 226.822
53 37.7936 12.1948 647.542 226.822
54 34.8061 10.2725 647.542 226.822
55 30.1067 9.6312 647.542 226.822
56 27.9717 7.91753 647.542 226.822
57 25.1881 7.06302 647.542 226.822
58 23.8957 6.63908 647.542 226.822
59 23.0459 6.2133 647.542 226.822
60 21.7647 5.56639 647.542 226.822
61 20.4845 5.34932 647.542 226.822
62 17.9223 4.28073 647.542 226.822
63 15.7858 3.85202 647.542 226.822
64 14.2844 3.85202 647.542 226.822
65 13.2169 3.85202 647.542 226.822
66 12.5804 3.6384 647.542 226.822
67 11.5097 3.6384 647.542 226.822
68 11.0836 2.99723 647.542 226.822
69 10.6567 2.7847 647.542 226.822
70 9.59015 2.35615 647.542 226.822
71 8.73372 2.14279 647.542 226.822
72 8.30807 1.93009 647.542 226.822
73 7.88169 1.93009 647.542 226.822
74 7.45588 2.14218 647.542 226.822
75 7.24309 2.14218 647.542 226.822
76 6.60512 2.14218 647.542 226.822
77 5.96683 1.71036 647.542 226.822
78 5.75353 1.71036 647.542 226.822
79 5.11515 1.71036 647.542 226.822
80 5.11515 1.71036 647.542 226.822
81 4.6905 1.49666 647.542 226.822
82 4.26435 1.49666 647.542 226.822
83 4.26435 1.28383 647.542 226.822
84 4.05123 1.28383 647.542 226.822
85 3.84063 1.28383 647.542 226.822
86 3.62771 1.06915 647.542 226.822
87 3.62771 0.643949 647.542 226.822
88 3.84134 0.643949 647.542 226.822
89 3.62851 0.856679 647.542 226.822
90 3.41667 0.856679 647.542 226.822
91 3.41667 0.856679 647.542 226.822
92 3.41667 0.856679 647.542 226.822
93 3.20362 0.856679 647.542 226.822
94 2.9905 0.856679 647.542 226.822
95 2.9905 0.856679 647.542 226.822
96 2.9905 0.856679 647.542 226.822
97 2.77657 0.856679 647.542 226.822
98 2.35025 0.856679 647.542 226.822
99 2.35025 0.856679 647.542 226.822
