0 463.68 189.395 463.68 189.395
1 463.68 189.395 463.68 189.395
2 463.68 189.395 463.68 189.395
3 463.68 189.395 463.68 189.395
4 463.68 189.395 463.68 189.395
5 463.68 189.395 463.68 189.395
6 463.68 189.395 463.68 189.395
7 463.68 189.395 463.68 189.395
8 463.68 189.395 463.68 189.395
9 463.68 189.395 463.68 189.395
10 463.68 189.395 463.68 189.395
11 463.68 189.395 463.68 189.395
12 463.68 189.395 463.68 189.395
13 463.68 189.395 463.68 189.395
14 463.68 189.395 463.68 189.395
15 463.68 189.395 463.68 189.395
16 463.68 189.395 463.68 189.395
17 463.68 189.395 463.68 189.395
18 463.68 189.395 463.68 189.395
19 463.68 189.395 463.68 189.395
20 463.68 189.395 463.68 189.395
21 463.68 189.395 463.68 189.395
22 463.68 189.395 463.68 189.395
23 463.68 189.395 463.68 189.395
24 463.68 189.395 463.68 189.395
25 463.68 189.395 463.68 189.395
26 463.68 189.395 463.68 189.395
27 463.68 189.395 463.68 189.395
28 463.68 189.395 463.68 189.395
29 463.68 189.395 463.68 189.395
30 463.68 189.395 463.68 189.395
31 387.059 157.166 463.68 189.395
32 320.029 131.414 463.68 189.395
33 275.205 113.206 463.68 189.395
34 238.374 97.443 463.68 189.395
35 206.629 79.917 463.68 189.395
36 187.111 71.9186 463.68 189.395
37 165.158 62.8169 463.68 189.395
38 150.062 54.8401 463.68 189.395
39 132.54 48.3945 463.68 189.395
40 117.893 44.1758 463.68 189.395
41 107.895 39.0648 463.68 189.395
42 95.4637 35.0745 463.68 189.395
43 87.2397 32.8582 463.68 189.395
44 81.9164 30.6417 463.68 189.395
45 74.5932 29.5298 463.68 189.395
46 67.0452 27.9694 463.68 189.395
47 62.8253 25.7505 463.68 189.395
48 55.5031 24.4208 463.68 189.395
49 51.2892 23.5391 463.68 189.395
50 48.4028 21.762 463.68 189.395
51 44.8496 19.537 463.68 189.395
52 41.9646 17.7545 463.68 189.395
53 38.4198 17.0926 463.68 189.395
54 36.8692 16.4253 463.68 189.395
55 33.7547 15.7557 463.68 189.395
56 31.5328 13.988 463.68 189.395
57 29.5396 13.0978 463.68 189.395
58 27.7635 12.6547 463.68 189.395
59 26.2058 11.7705 463.68 189.395
60 24.8747 11.7687 463.68 189.395
61 22.433 10.4319 463.68 189.395
62 20.6529 9.98659 463.68 189.395
63 19.3133 8.87717 463.68 189.395
64 18.649 7.98907 463.68 189.395
65 18.2056 7.76419 463.68 189.395
66 17.7584 7.09698 463.68 189.395
67 16.87 6.65273 463.68 189.395
68 16.2063 6.43076 463.68 189.395
69 15.3207 6.20976 463.68 189.395
70 14.209 6.20976 463.68 189.395
71 13.5406 5.7627 463.68 189.395
72 12.2078 5.54015 463.68 189.395
73 11.9838 5.54015 463.68 189.395
74 11.3157 5.09737 463.68 189.395
75 10.6478 4.42719 463.68 189.395
76 10.4267 3.9841 463.68 189.395
77 10.2037 3.76412 463.68 189.395
78 9.53707 3.54157 463.68 189.395
79 9.09413 3.31965 463.68 189.395
80 8.64922 3.09696 463.68 189.395
81 7.98516 2.87569 463.68 189.395
82 7.54414 2.87569 463.68 189.395
83 7.54414 2.87569 463.68 189.395
84 7.54414 2.87569 463.68 189.395
85 7.54414 2.65569 463.68 189.395
86 7.10012 2.43557 463.68 189.395
87 7.10012 2.43557 463.68 189.395
88 7.10012 2.43557 463.68 189.395
89 7.10012 2.21544 463.68 189.395
90 6.87776 2.21544 463.68 189.395
91 6.4322 2.21544 463.68 189.395
92 6.4322 2.21544 463.68 189.395
93 6.4322 2.21544 463.68 189.395
94 6.4322 2.21544 463.68 189.395
95 6.21072 2.21544 463.68 189.395
96 6.21072 2.21544 463.68 189.395
97 5.98724 1.99222 463.68 189.395
98 5.98724 1.99222 463.68 189.395
99 5.54434 1.77258 463.68 189.395
