0 0 0  647.542 226.822
1 0 0  647.542 226.822
2 0 0  647.542 226.822
3 0 0  647.542 226.822
4 0 0  647.542 226.822
5 0 0  647.542 226.822
6 0 0  647.542 226.822
7 0 0  647.542 226.822
8 0 0  647.542 226.822
9 0 0  647.542 226.822
10 0 0  647.542 226.822
11 0 0  647.542 226.822
12 0 0  647.542 226.822
13 0 0  647.542 226.822
14 0 0  647.542 226.822
15 0 0  647.542 226.822
16 0 0  647.542 226.822
17 0 0  647.542 226.822
18 0 0  647.542 226.822
19 0 0  647.542 226.822
20 0 0  647.542 226.822
21 0 0  647.542 226.822
22 0 0  647.542 226.822
23 0 0  647.542 226.822
24 0 0  647.542 226.822
25 0 0  647.542 226.822
26 0 0  647.542 226.822
27 0 0  647.542 226.822
28 0 0  647.542 226.822
29 0 0  647.542 226.822
30 0 0  647.542 226.822
31 33.5581 13.0172  647.542 226.822
32 67.2973 25.192  647.542 226.822
33 109.169 37.3649  647.542 226.822
34 144.838 50.6171  647.542 226.822
35 189.711 67.0728  647.542 226.822
36 232.187 79.6826  647.542 226.822
37 281.337 96.7646  647.542 226.822
38 327.869 112.818  647.542 226.822
39 373.787 135.027  647.542 226.822
40 418.634 147.818  647.542 226.822
41 454.684 161.907  647.542 226.822
42 486.31 172.373  647.542 226.822
43 509.583 178.568  647.542 226.822
44 532.65 186.026  647.542 226.822
45 553.142 190.514  647.542 226.822
46 565.729 195.419  647.542 226.822
47 577.923 199.26  647.542 226.822
48 583.907 202.242  647.542 226.822
49 590.526 205.877  647.542 226.822
50 594.166 209.076  647.542 226.822
51 599.933 211.211  647.542 226.822
52 605.061 211.851  647.542 226.822
53 609.748 214.628  647.542 226.822
54 612.736 216.55  647.542 226.822
55 617.435 217.191  647.542 226.822
56 619.57 218.905  647.542 226.822
57 622.354 219.759  647.542 226.822
58 623.646 220.183  647.542 226.822
59 624.496 220.609  647.542 226.822
60 625.777 221.256  647.542 226.822
61 627.058 221.473  647.542 226.822
62 629.62 222.542  647.542 226.822
63 631.756 222.97  647.542 226.822
64 633.258 222.97  647.542 226.822
65 634.325 222.97  647.542 226.822
66 634.962 223.184  647.542 226.822
67 636.032 223.184  647.542 226.822
68 636.459 223.825  647.542 226.822
69 636.885 224.038  647.542 226.822
70 637.952 224.466  647.542 226.822
71 638.808 224.68  647.542 226.822
72 639.234 224.892  647.542 226.822
73 639.66 224.892  647.542 226.822
74 640.086 224.68  647.542 226.822
75 640.299 224.68  647.542 226.822
76 640.937 224.68  647.542 226.822
77 641.575 225.112  647.542 226.822
78 641.789 225.112  647.542 226.822
79 642.427 225.112  647.542 226.822
80 642.427 225.112  647.542 226.822
81 642.852 225.326  647.542 226.822
82 643.278 225.326  647.542 226.822
83 643.278 225.539  647.542 226.822
84 643.491 225.539  647.542 226.822
85 643.701 225.539  647.542 226.822
86 643.914 225.753  647.542 226.822
87 643.914 226.178  647.542 226.822
88 643.701 226.178  647.542 226.822
89 643.914 225.966  647.542 226.822
90 644.125 225.966  647.542 226.822
91 644.125 225.966  647.542 226.822
92 644.125 225.966  647.542 226.822
93 644.338 225.966  647.542 226.822
94 644.552 225.966  647.542 226.822
95 644.552 225.966  647.542 226.822
96 644.552 225.966  647.542 226.822
97 644.766 225.966  647.542 226.822
98 645.192 225.966  647.542 226.822
99 645.192 225.966  647.542 226.822
