0 653.964 235.904 653.964 235.904
1 653.964 235.904 653.964 235.904
2 653.964 235.904 653.964 235.904
3 653.964 235.904 653.964 235.904
4 653.964 235.904 653.964 235.904
5 653.964 235.904 653.964 235.904
6 653.964 235.904 653.964 235.904
7 653.964 235.904 653.964 235.904
8 653.964 235.904 653.964 235.904
9 653.964 235.904 653.964 235.904
10 653.964 235.904 653.964 235.904
11 653.964 235.904 653.964 235.904
12 653.964 235.904 653.964 235.904
13 653.964 235.904 653.964 235.904
14 653.964 235.904 653.964 235.904
15 653.964 235.904 653.964 235.904
16 653.964 235.904 653.964 235.904
17 653.964 235.904 653.964 235.904
18 653.964 235.904 653.964 235.904
19 653.964 235.904 653.964 235.904
20 653.964 235.904 653.964 235.904
21 653.964 235.904 653.964 235.904
22 653.964 235.904 653.964 235.904
23 653.964 235.904 653.964 235.904
24 653.964 235.904 653.964 235.904
25 653.964 235.904 653.964 235.904
26 653.964 235.904 653.964 235.904
27 653.964 235.904 653.964 235.904
28 653.964 235.904 653.964 235.904
29 653.964 235.904 653.964 235.904
30 653.964 235.904 653.964 235.904
31 619.627 225.795 653.964 235.904
32 582.54 212.739 653.964 235.904
33 548.614 192.939 653.964 235.904
34 497.85 176.954 653.964 235.904
35 454.039 160.748 653.964 235.904
36 399.489 142.853 653.964 235.904
37 352.129 125.58 653.964 235.904
38 297.569 108.31 653.964 235.904
39 249.156 91.2242 653.964 235.904
40 211.848 76.6953 653.964 235.904
41 173.937 64.2704 653.964 235.904
42 148.89 53.7356 653.964 235.904
43 124.474 48.0473 653.964 235.904
44 105.941 41.5145 653.964 235.904
45 92.875 37.0878 653.964 235.904
46 80.4486 33.5092 653.964 235.904
47 69.9242 29.2922 653.964 235.904
48 61.4905 26.1385 653.964 235.904
49 56.2328 22.5492 653.964 235.904
50 51.1831 19.1788 653.964 235.904
51 45.9104 17.0731 653.964 235.904
52 41.6997 16.0247 653.964 235.904
53 37.9135 15.1797 653.964 235.904
54 34.7532 13.0724 653.964 235.904
55 31.59 12.4384 653.964 235.904
56 29.2812 11.3845 653.964 235.904
57 26.5435 10.3281 653.964 235.904
58 24.8572 9.90636 653.964 235.904
59 23.1685 9.27608 653.964 235.904
60 21.6912 8.85353 653.964 235.904
61 20.0024 8.22192 653.964 235.904
62 18.3182 7.37957 653.964 235.904
63 15.3687 7.16696 653.964 235.904
64 14.9456 6.74426 653.964 235.904
65 13.8951 6.11236 653.964 235.904
66 13.6853 6.11236 653.964 235.904
67 13.0506 5.68946 653.964 235.904
68 12.6301 5.27053 653.964 235.904
69 11.5775 5.27053 653.964 235.904
70 10.7326 5.05873 653.964 235.904
71 10.7326 4.8475 653.964 235.904
72 10.5211 4.21636 653.964 235.904
73 10.3108 4.0064 653.964 235.904
74 9.8909 4.0064 653.964 235.904
75 9.67986 4.0064 653.964 235.904
76 9.05124 3.79596 653.964 235.904
77 8.42011 3.79596 653.964 235.904
78 8.20978 3.79596 653.964 235.904
79 7.58035 3.58767 653.964 235.904
80 7.36972 3.16447 653.964 235.904
81 6.52671 2.95201 653.964 235.904
82 6.31788 2.95201 653.964 235.904
83 5.89832 2.74031 653.964 235.904
84 5.68853 2.74031 653.964 235.904
85 5.68853 2.74031 653.964 235.904
86 5.68853 2.74031 653.964 235.904
87 5.68853 2.53025 653.964 235.904
88 5.2675 2.31985 653.964 235.904
89 5.2675 2.10695 653.964 235.904
90 5.2675 1.89632 653.964 235.904
91 5.0564 1.89632 653.964 235.904
92 4.6371 1.89632 653.964 235.904
93 4.21488 1.89632 653.964 235.904
94 4.00386 1.89632 653.964 235.904
95 4.00386 1.89632 653.964 235.904
96 3.79094 1.68509 653.964 235.904
97 3.36985 1.2668 653.964 235.904
98 3.15785 1.2668 653.964 235.904
99 2.94642 1.2668 653.964 235.904
