0 346.853 134.359 346.853 134.359
1 346.853 134.359 346.853 134.359
2 346.853 134.359 346.853 134.359
3 346.853 134.359 346.853 134.359
4 346.853 134.359 346.853 134.359
5 346.853 134.359 346.853 134.359
6 346.853 134.359 346.853 134.359
7 346.853 134.359 346.853 134.359
8 346.853 134.359 346.853 134.359
9 346.853 134.359 346.853 134.359
10 346.853 134.359 346.853 134.359
11 346.853 134.359 346.853 134.359
12 346.853 134.359 346.853 134.359
13 346.853 134.359 346.853 134.359
14 346.853 134.359 346.853 134.359
15 346.853 134.359 346.853 134.359
16 346.853 134.359 346.853 134.359
17 346.853 134.359 346.853 134.359
18 346.853 134.359 346.853 134.359
19 346.853 134.359 346.853 134.359
20 346.853 134.359 346.853 134.359
21 346.853 134.359 346.853 134.359
22 346.853 134.359 346.853 134.359
23 346.853 134.359 346.853 134.359
24 346.853 134.359 346.853 134.359
25 346.853 134.359 346.853 134.359
26 346.853 134.359 346.853 134.359
27 346.853 134.359 346.853 134.359
28 346.853 134.359 346.853 134.359
29 346.853 134.359 346.853 134.359
30 346.853 134.359 346.853 134.359
31 302.597 115.814 346.853 134.359
32 258.356 100.447 346.853 134.359
33 219.393 86.7815 346.853 134.359
34 190.092 77.5072 346.853 134.359
35 164.596 67.8075 346.853 134.359
36 147.755 59.1688 346.853 134.359
37 130.253 53.6955 346.853 134.359
38 117.174 47.1652 346.853 134.359
39 105.578 42.1089 346.853 134.359
40 96.5067 37.2641 346.853 134.359
41 86.398 33.0486 346.853 134.359
42 77.9773 31.1534 346.853 134.359
43 71.0124 28.6266 346.853 134.359
44 66.7944 25.6822 346.853 134.359
45 62.3669 24.2123 346.853 134.359
46 56.4574 21.6839 346.853 134.359
47 52.8775 20.8412 346.853 134.359
48 49.9355 19.5778 346.853 134.359
49 44.6636 19.1577 346.853 134.359
50 41.2884 17.4725 346.853 134.359
51 37.9245 16.4195 346.853 134.359
52 36.0364 15.7925 346.853 134.359
53 34.7816 14.7361 346.853 134.359
54 32.6745 14.314 346.853 134.359
55 30.5629 13.6801 346.853 134.359
56 29.9295 12.8387 346.853 134.359
57 28.4459 12.8387 346.853 134.359
58 26.9781 11.7836 346.853 134.359
59 25.721 11.7836 346.853 134.359
60 24.2432 11.151 346.853 134.359
61 23.4009 10.9417 346.853 134.359
62 22.3429 10.1002 346.853 134.359
63 21.7058 9.04968 346.853 134.359
64 20.646 9.04968 346.853 134.359
65 19.3839 8.62588 346.853 134.359
66 19.1744 8.83639 346.853 134.359
67 18.7511 8.20851 346.853 134.359
68 17.7051 7.78679 346.853 134.359
69 17.0781 7.15196 346.853 134.359
70 16.4467 6.73163 346.853 134.359
71 15.8151 6.52395 346.853 134.359
72 15.6027 6.10539 346.853 134.359
73 15.392 5.68144 346.853 134.359
74 14.76 5.47195 346.853 134.359
75 13.9159 5.47195 346.853 134.359
76 12.6467 5.05234 346.853 134.359
77 12.4354 5.05234 346.853 134.359
78 12.016 4.84117 346.853 134.359
79 11.381 4.41925 346.853 134.359
80 11.1709 4.41925 346.853 134.359
81 10.1154 4.41925 346.853 134.359
82 9.69802 4.20756 346.853 134.359
83 9.2785 3.99668 346.853 134.359
84 8.43235 3.99668 346.853 134.359
85 8.43235 3.99668 346.853 134.359
86 8.22247 3.99668 346.853 134.359
87 8.01344 3.57515 346.853 134.359
88 7.16811 3.57515 346.853 134.359
89 7.16811 3.57515 346.853 134.359
90 6.95908 3.1527 346.853 134.359
91 6.74849 3.1527 346.853 134.359
92 6.53695 3.1527 346.853 134.359
93 6.53695 2.94062 346.853 134.359
94 6.32512 2.51644 346.853 134.359
95 6.11563 2.51644 346.853 134.359
96 5.90519 2.51644 346.853 134.359
97 5.90519 2.51644 346.853 134.359
98 5.27443 2.3058 346.853 134.359
99 5.06235 2.3058 346.853 134.359
