0 380.376 3.90129 380.376 3.90129
1 380.376 3.90129 380.376 3.90129
2 380.376 3.90129 380.376 3.90129
3 380.376 3.90129 380.376 3.90129
4 380.376 3.90129 380.376 3.90129
5 380.376 3.90129 380.376 3.90129
6 380.376 3.90129 380.376 3.90129
7 380.376 3.90129 380.376 3.90129
8 380.376 3.90129 380.376 3.90129
9 380.376 3.90129 380.376 3.90129
10 380.376 3.90129 380.376 3.90129
11 380.376 3.90129 380.376 3.90129
12 380.376 3.90129 380.376 3.90129
13 380.376 3.90129 380.376 3.90129
14 380.376 3.90129 380.376 3.90129
15 380.376 3.90129 380.376 3.90129
16 380.376 3.90129 380.376 3.90129
17 380.376 3.90129 380.376 3.90129
18 380.376 3.90129 380.376 3.90129
19 380.376 3.90129 380.376 3.90129
20 380.376 3.90129 380.376 3.90129
21 380.376 3.90129 380.376 3.90129
22 380.376 3.90129 380.376 3.90129
23 380.376 3.90129 380.376 3.90129
24 380.376 3.90129 380.376 3.90129
25 380.376 3.90129 380.376 3.90129
26 380.376 3.90129 380.376 3.90129
27 380.376 3.90129 380.376 3.90129
28 380.376 3.90129 380.376 3.90129
29 380.376 3.90129 380.376 3.90129
30 380.376 3.90129 380.376 3.90129
31 358.919 3.90129 380.376 3.90129
32 333.56 3.90129 380.376 3.90129
33 312.103 3.90129 380.376 3.90129
34 304.3 3.90129 380.376 3.90129
35 286.745 1.95064 380.376 3.90129
36 269.189 1.95064 380.376 3.90129
37 261.386 1.95064 380.376 3.90129
38 255.534 1.95064 380.376 3.90129
39 249.682 1.95064 380.376 3.90129
40 234.077 1.95064 380.376 3.90129
41 224.324 1.95064 380.376 3.90129
42 212.62 1.95064 380.376 3.90129
43 200.916 1.95064 380.376 3.90129
44 193.114 1.95064 380.376 3.90129
45 185.311 1.95064 380.376 3.90129
46 173.607 1.95064 380.376 3.90129
47 175.558 1.95064 380.376 3.90129
48 179.459 0 380.376 3.90129
49 173.607 0 380.376 3.90129
50 161.903 0 380.376 3.90129
51 152.15 0 380.376 3.90129
52 142.397 0 380.376 3.90129
53 138.496 0 380.376 3.90129
54 138.496 0 380.376 3.90129
55 134.594 0 380.376 3.90129
56 132.644 0 380.376 3.90129
57 126.792 0 380.376 3.90129
58 124.841 0 380.376 3.90129
59 120.94 0 380.376 3.90129
60 115.088 0 380.376 3.90129
61 115.088 -1.95064 380.376 3.90129
62 109.236 -1.95064 380.376 3.90129
63 107.285 -1.95064 380.376 3.90129
64 101.433 -1.95064 380.376 3.90129
65 91.6803 -1.95064 380.376 3.90129
66 89.7296 -1.95064 380.376 3.90129
67 81.927 -1.95064 380.376 3.90129
68 78.0258 -1.95064 380.376 3.90129
69 74.1245 -1.95064 380.376 3.90129
70 72.1738 -1.95064 380.376 3.90129
71 68.2725 -1.95064 380.376 3.90129
72 62.4206 -1.95064 380.376 3.90129
73 54.618 -1.95064 380.376 3.90129
74 54.618 -1.95064 380.376 3.90129
75 54.618 -1.95064 380.376 3.90129
76 54.618 -1.95064 380.376 3.90129
77 54.618 -1.95064 380.376 3.90129
78 52.6674 -1.95064 380.376 3.90129
79 48.7661 -1.95064 380.376 3.90129
80 54.618 -1.95064 380.376 3.90129
81 54.618 -1.95064 380.376 3.90129
82 54.618 -1.95064 380.376 3.90129
83 54.618 -1.95064 380.376 3.90129
84 54.618 -1.95064 380.376 3.90129
85 52.6674 -1.95064 380.376 3.90129
86 46.8155 -1.95064 380.376 3.90129
87 46.8155 -1.95064 380.376 3.90129
88 40.9635 -1.95064 380.376 3.90129
89 39.0129 -1.95064 380.376 3.90129
90 35.1116 -1.95064 380.376 3.90129
91 37.0622 -1.95064 380.376 3.90129
92 35.1116 -1.95064 380.376 3.90129
93 37.0622 -1.95064 380.376 3.90129
94 35.1116 -1.95064 380.376 3.90129
95 35.1116 -1.95064 380.376 3.90129
96 33.1609 -1.95064 380.376 3.90129
97 31.2103 -1.95064 380.376 3.90129
98 31.2103 -1.95064 380.376 3.90129
99 29.2597 -1.95064 380.376 3.90129
