0 2252.36 17.3589 2252.36 17.3589
1 2252.36 17.3589 2252.36 17.3589
2 2252.36 17.3589 2252.36 17.3589
3 2252.36 17.3589 2252.36 17.3589
4 2252.36 17.3589 2252.36 17.3589
5 2252.36 17.3589 2252.36 17.3589
6 2252.36 17.3589 2252.36 17.3589
7 2252.36 17.3589 2252.36 17.3589
8 2252.36 17.3589 2252.36 17.3589
9 2252.36 17.3589 2252.36 17.3589
10 2252.36 17.3589 2252.36 17.3589
11 2252.36 17.3589 2252.36 17.3589
12 2252.36 17.3589 2252.36 17.3589
13 2252.36 17.3589 2252.36 17.3589
14 2252.36 17.3589 2252.36 17.3589
15 2252.36 17.3589 2252.36 17.3589
16 2252.36 17.3589 2252.36 17.3589
17 2252.36 17.3589 2252.36 17.3589
18 2252.36 17.3589 2252.36 17.3589
19 2252.36 17.3589 2252.36 17.3589
20 2252.36 17.3589 2252.36 17.3589
21 2252.36 17.3589 2252.36 17.3589
22 2252.36 17.3589 2252.36 17.3589
23 2252.36 17.3589 2252.36 17.3589
24 2252.36 17.3589 2252.36 17.3589
25 2252.36 17.3589 2252.36 17.3589
26 2252.36 17.3589 2252.36 17.3589
27 2252.36 17.3589 2252.36 17.3589
28 2252.36 17.3589 2252.36 17.3589
29 2252.36 17.3589 2252.36 17.3589
30 2252.36 17.3589 2252.36 17.3589
31 2239.07 17.0998 2252.36 17.3589
32 2225.55 16.825 2252.36 17.3589
33 2211.25 16.6366 2252.36 17.3589
34 2196.15 16.4325 2252.36 17.3589
35 2181.12 16.2048 2252.36 17.3589
36 2164.41 15.985 2252.36 17.3589
37 2147.25 15.8515 2252.36 17.3589
38 2128.32 15.5767 2252.36 17.3589
39 2109.34 15.3412 2252.36 17.3589
40 2088.42 15.1135 2252.36 17.3589
41 2064.23 14.9015 2252.36 17.3589
42 2039.8 14.5403 2252.36 17.3589
43 2011.84 14.2813 2252.36 17.3589
44 1982.81 13.8887 2252.36 17.3589
45 1950.68 13.5825 2252.36 17.3589
46 1915.78 13.1821 2252.36 17.3589
47 1877.93 12.8837 2252.36 17.3589
48 1835.71 12.554 2252.36 17.3589
49 1792.68 12.2792 2252.36 17.3589
50 1748.66 11.8317 2252.36 17.3589
51 1703.82 11.604 2252.36 17.3589
52 1658.89 11.2664 2252.36 17.3589
53 1614.13 10.9524 2252.36 17.3589
54 1570.11 10.7482 2252.36 17.3589
55 1526.33 10.5127 2252.36 17.3589
56 1483.41 10.1908 2252.36 17.3589
57 1440.95 9.8532 2252.36 17.3589
58 1398.52 9.64122 2252.36 17.3589
59 1356.73 9.33503 2252.36 17.3589
60 1317.07 9.08379 2252.36 17.3589
61 1277.59 8.81685 2252.36 17.3589
62 1239.81 8.60487 2252.36 17.3589
63 1204.3 8.32223 2252.36 17.3589
64 1168.63 8.07884 2252.36 17.3589
65 1134.71 7.73339 2252.36 17.3589
66 1101.78 7.52141 2252.36 17.3589
67 1069.78 7.25447 2252.36 17.3589
68 1038.29 7.1524 2252.36 17.3589
69 1008.05 7.01108 2252.36 17.3589
70 978.505 6.7677 2252.36 17.3589
71 950.116 6.60282 2252.36 17.3589
72 921.773 6.36729 2252.36 17.3589
73 894.498 6.14746 2252.36 17.3589
74 868.817 5.96688 2252.36 17.3589
75 843.348 5.81771 2252.36 17.3589
76 819.92 5.61358 2252.36 17.3589
77 797.018 5.38589 2252.36 17.3589
78 774.611 5.21317 2252.36 17.3589
79 752.573 5.00119 2252.36 17.3589
80 732.065 4.84416 2252.36 17.3589
81 711.189 4.67144 2252.36 17.3589
82 691.263 4.53012 2252.36 17.3589
83 671.753 4.29458 2252.36 17.3589
84 653.789 4.12186 2252.36 17.3589
85 636.619 4.01979 2252.36 17.3589
86 619.017 3.87062 2252.36 17.3589
87 602.6 3.79996 2252.36 17.3589
88 586.474 3.7607 2252.36 17.3589
89 571.321 3.61938 2252.36 17.3589
90 555.972 3.53302 2252.36 17.3589
91 541.808 3.50162 2252.36 17.3589
92 527.574 3.4074 2252.36 17.3589
93 514.133 3.33674 2252.36 17.3589
94 500.872 3.21112 2252.36 17.3589
95 487.392 3.17972 2252.36 17.3589
96 475.042 3.0855 2252.36 17.3589
97 462.991 3.03055 2252.36 17.3589
98 451.379 2.90493 2252.36 17.3589
99 439.869 2.79501 2252.36 17.3589
