0 0 0  2252.36 17.3589
1 0 0  2252.36 17.3589
2 0 0  2252.36 17.3589
3 0 0  2252.36 17.3589
4 0 0  2252.36 17.3589
5 0 0  2252.36 17.3589
6 0 0  2252.36 17.3589
7 0 0  2252.36 17.3589
8 0 0  2252.36 17.3589
9 0 0  2252.36 17.3589
10 0 0  2252.36 17.3589
11 0 0  2252.36 17.3589
12 0 0  2252.36 17.3589
13 0 0  2252.36 17.3589
14 0 0  2252.36 17.3589
15 0 0  2252.36 17.3589
16 0 0  2252.36 17.3589
17 0 0  2252.36 17.3589
18 0 0  2252.36 17.3589
19 0 0  2252.36 17.3589
20 0 0  2252.36 17.3589
21 0 0  2252.36 17.3589
22 0 0  2252.36 17.3589
23 0 0  2252.36 17.3589
24 0 0  2252.36 17.3589
25 0 0  2252.36 17.3589
26 0 0  2252.36 17.3589
27 0 0  2252.36 17.3589
28 0 0  2252.36 17.3589
29 0 0  2252.36 17.3589
30 0 0  2252.36 17.3589
31 13.292 0.259088  2252.36 17.3589
32 26.8117 0.533879  2252.36 17.3589
33 41.1165 0.722306  2252.36 17.3589
34 56.2143 0.926436  2252.36 17.3589
35 71.2414 1.15412  2252.36 17.3589
36 87.9565 1.37395  2252.36 17.3589
37 105.111 1.50742  2252.36 17.3589
38 124.04 1.78221  2252.36 17.3589
39 143.025 2.01775  2252.36 17.3589
40 163.948 2.24543  2252.36 17.3589
41 188.129 2.45741  2252.36 17.3589
42 212.562 2.81857  2252.36 17.3589
43 240.52 3.07765  2252.36 17.3589
44 269.554 3.47021  2252.36 17.3589
45 301.681 3.77641  2252.36 17.3589
46 336.579 4.17682  2252.36 17.3589
47 374.43 4.47516  2252.36 17.3589
48 416.653 4.80491  2252.36 17.3589
49 459.685 5.0797  2252.36 17.3589
50 503.699 5.52721  2252.36 17.3589
51 548.545 5.7549  2252.36 17.3589
52 593.477 6.0925  2252.36 17.3589
53 638.236 6.40654  2252.36 17.3589
54 682.25 6.61067  2252.36 17.3589
55 726.036 6.84621  2252.36 17.3589
56 768.958 7.16811  2252.36 17.3589
57 811.417 7.50571  2252.36 17.3589
58 853.845 7.71769  2252.36 17.3589
59 895.629 8.02388  2252.36 17.3589
60 935.293 8.27512  2252.36 17.3589
61 974.776 8.54206  2252.36 17.3589
62 1012.56 8.75404  2252.36 17.3589
63 1048.06 9.03668  2252.36 17.3589
64 1083.73 9.28007  2252.36 17.3589
65 1117.65 9.62552  2252.36 17.3589
66 1150.58 9.8375  2252.36 17.3589
67 1182.59 10.1044  2252.36 17.3589
68 1214.07 10.2065  2252.36 17.3589
69 1244.31 10.3478  2252.36 17.3589
70 1273.86 10.5912  2252.36 17.3589
71 1302.25 10.7561  2252.36 17.3589
72 1330.59 10.9916  2252.36 17.3589
73 1357.87 11.2115  2252.36 17.3589
74 1383.55 11.392  2252.36 17.3589
75 1409.02 11.5412  2252.36 17.3589
76 1432.44 11.7453  2252.36 17.3589
77 1455.35 11.973  2252.36 17.3589
78 1477.75 12.1457  2252.36 17.3589
79 1499.79 12.3577  2252.36 17.3589
80 1520.3 12.5147  2252.36 17.3589
81 1541.17 12.6875  2252.36 17.3589
82 1561.1 12.8288  2252.36 17.3589
83 1580.61 13.0643  2252.36 17.3589
84 1598.57 13.2371  2252.36 17.3589
85 1615.74 13.3391  2252.36 17.3589
86 1633.35 13.4883  2252.36 17.3589
87 1649.76 13.5589  2252.36 17.3589
88 1665.89 13.5982  2252.36 17.3589
89 1681.04 13.7395  2252.36 17.3589
90 1696.39 13.8259  2252.36 17.3589
91 1710.56 13.8573  2252.36 17.3589
92 1724.79 13.9515  2252.36 17.3589
93 1738.23 14.0222  2252.36 17.3589
94 1751.49 14.1478  2252.36 17.3589
95 1764.97 14.1792  2252.36 17.3589
96 1777.32 14.2734  2252.36 17.3589
97 1789.37 14.3284  2252.36 17.3589
98 1800.98 14.454  2252.36 17.3589
99 1812.49 14.5639  2252.36 17.3589
