0 0 0 692.951 400.462
1 0 0 692.951 400.462
2 0 0 692.951 400.462
3 0 0 692.951 400.462
4 0 0 692.951 400.462
5 0 0 692.951 400.462
6 0 0 692.951 400.462
7 0 0 692.951 400.462
8 0 0 692.951 400.462
9 0 0 692.951 400.462
10 0 0 692.951 400.462
11 1.54926 0.442182 692.951 400.462
12 4.65843 2.43583 692.951 400.462
13 8.65844 3.32264 692.951 400.462
14 11.0977 5.54721 692.951 400.462
15 19.7529 9.99693 692.951 400.462
16 29.2972 16.219 692.951 400.462
17 39.0732 25.0901 692.951 400.462
18 50.8359 34.6296 692.951 400.462
19 68.376 44.846 692.951 400.462
20 85.6876 54.3779 692.951 400.462
21 109.679 61.2476 692.951 400.462
22 131.641 75.226 692.951 400.462
23 164.721 94.0922 692.951 400.462
24 200.062 110.753 692.951 400.462
25 234.485 129.393 692.951 400.462
26 273.34 152.483 692.951 400.462
27 317.968 173.572 692.951 400.462
28 368.166 194.657 692.951 400.462
29 413.907 224.189 692.951 400.462
30 458.098 250.382 692.951 400.462
31 498.517 275.721 692.951 400.462
32 531.611 295.943 692.951 400.462
33 554.004 310.142 692.951 400.462
34 574.639 321.008 692.951 400.462
35 591.944 335.647 692.951 400.462
36 600.6 341.867 692.951 400.462
37 608.805 348.962 692.951 400.462
38 618.12 356.504 692.951 400.462
39 626.549 360.292 692.951 400.462
40 633.649 364.063 692.951 400.462
41 640.312 368.502 692.951 400.462
42 645.427 373.366 692.951 400.462
43 649.208 375.145 692.951 400.462
44 652.766 376.7 692.951 400.462
45 656.092 377.363 692.951 400.462
46 659.644 379.147 692.951 400.462
47 662.091 380.258 692.951 400.462
48 665.43 382.033 692.951 400.462
49 668.089 382.7 692.951 400.462
50 670.077 383.362 692.951 400.462
51 671.188 384.697 692.951 400.462
52 672.966 386.035 692.951 400.462
53 674.96 386.921 692.951 400.462
54 675.401 387.809 692.951 400.462
55 676.962 388.702 692.951 400.462
56 677.848 390.029 692.951 400.462
57 679.618 390.917 692.951 400.462
58 680.507 391.137 692.951 400.462
59 681.621 391.358 692.951 400.462
60 682.513 391.582 692.951 400.462
61 684.292 392.251 692.951 400.462
62 684.958 392.696 692.951 400.462
63 685.848 394.03 692.951 400.462
64 686.07 394.474 692.951 400.462
65 686.291 394.699 692.951 400.462
66 686.515 395.144 692.951 400.462
67 686.736 395.588 692.951 400.462
68 686.736 395.588 692.951 400.462
69 687.179 395.809 692.951 400.462
70 687.623 396.025 692.951 400.462
71 688.068 396.025 692.951 400.462
72 688.511 396.471 692.951 400.462
73 688.511 396.694 692.951 400.462
74 688.959 397.36 692.951 400.462
75 689.402 397.36 692.951 400.462
76 689.402 397.582 692.951 400.462
77 689.625 397.802 692.951 400.462
78 690.291 398.025 692.951 400.462
79 690.291 398.247 692.951 400.462
80 690.291 398.247 692.951 400.462
81 690.291 398.468 692.951 400.462
82 690.512 398.468 692.951 400.462
83 690.512 398.468 692.951 400.462
84 690.512 398.468 692.951 400.462
85 690.512 398.688 692.951 400.462
86 690.734 398.908 692.951 400.462
87 690.734 398.908 692.951 400.462
88 690.734 398.908 692.951 400.462
89 690.734 398.908 692.951 400.462
90 690.734 398.908 692.951 400.462
91 690.734 398.908 692.951 400.462
92 690.734 398.908 692.951 400.462
93 690.734 398.908 692.951 400.462
94 690.734 398.908 692.951 400.462
95 690.734 398.908 692.951 400.462
96 690.734 398.908 692.951 400.462
97 690.734 398.908 692.951 400.462
98 690.734 398.908 692.951 400.462
99 690.734 398.908 692.951 400.462
