0 0 0  1198.6 454.977
1 0 0  1198.6 454.977
2 0 0  1198.6 454.977
3 0 0  1198.6 454.977
4 0 0  1198.6 454.977
5 0 0  1198.6 454.977
6 0 0  1198.6 454.977
7 0 0  1198.6 454.977
8 0 0  1198.6 454.977
9 0 0  1198.6 454.977
10 0 0  1198.6 454.977
11 0.641377 -0.212312  1198.6 454.977
12 2.13663 0.428315  1198.6 454.977
13 4.48347 0.8565  1198.6 454.977
14 7.04817 2.35259  1198.6 454.977
15 9.17815 2.99334  1198.6 454.977
16 14.0969 5.12427  1198.6 454.977
17 19.4348 7.90074  1198.6 454.977
18 27.997 10.0389  1198.6 454.977
19 35.9045 13.2504  1198.6 454.977
20 46.1564 16.8861  1198.6 454.977
21 58.3279 20.0913  1198.6 454.977
22 74.7784 24.3661  1198.6 454.977
23 91.211 31.2097  1198.6 454.977
24 109.169 40.8133  1198.6 454.977
25 132.006 48.5026  1198.6 454.977
26 157.86 56.8349  1198.6 454.977
27 188.606 67.3068  1198.6 454.977
28 218.081 77.3529  1198.6 454.977
29 256.295 91.6457  1198.6 454.977
30 292.614 108.084  1198.6 454.977
31 340.897 126.443  1198.6 454.977
32 387.034 144.813  1198.6 454.977
33 441.072 162.972  1198.6 454.977
34 488.709 184.769  1198.6 454.977
35 551.316 207.636  1198.6 454.977
36 614.721 226.65  1198.6 454.977
37 683.531 253.772  1198.6 454.977
38 749.299 276.448  1198.6 454.977
39 813.787 308.696  1198.6 454.977
40 874.442 330.896  1198.6 454.977
41 923.945 351.386  1198.6 454.977
42 971.811 366.545  1198.6 454.977
43 1006.62 377.446  1198.6 454.977
44 1036.52 390.469  1198.6 454.977
45 1063.63 397.739  1198.6 454.977
46 1082.63 404.568  1198.6 454.977
47 1097.37 409.906  1198.6 454.977
48 1107.42 415.232  1198.6 454.977
49 1118.31 420.362  1198.6 454.977
50 1124.94 425.05  1198.6 454.977
51 1133.26 428.679  1198.6 454.977
52 1140.75 430.6  1198.6 454.977
53 1147.15 433.804  1198.6 454.977
54 1152.05 436.796  1198.6 454.977
55 1156.75 438.51  1198.6 454.977
56 1159.74 441.293  1198.6 454.977
57 1163.38 442.574  1198.6 454.977
58 1165.74 443.639  1198.6 454.977
59 1167.66 444.703  1198.6 454.977
60 1168.94 445.564  1198.6 454.977
61 1170.22 445.993  1198.6 454.977
62 1173.21 446.846  1198.6 454.977
63 1175.76 447.915  1198.6 454.977
64 1177.26 448.343  1198.6 454.977
65 1178.76 448.985  1198.6 454.977
66 1179.61 449.198  1198.6 454.977
67 1180.9 449.198  1198.6 454.977
68 1181.96 450.053  1198.6 454.977
69 1182.39 450.483  1198.6 454.977
70 1183.88 450.912  1198.6 454.977
71 1184.95 451.339  1198.6 454.977
72 1185.38 451.979  1198.6 454.977
73 1186.23 452.191  1198.6 454.977
74 1186.87 451.979  1198.6 454.977
75 1187.51 451.979  1198.6 454.977
76 1188.15 451.979  1198.6 454.977
77 1189 452.625  1198.6 454.977
78 1189.64 452.625  1198.6 454.977
79 1190.28 452.625  1198.6 454.977
80 1190.92 452.625  1198.6 454.977
81 1191.35 452.839  1198.6 454.977
82 1191.77 452.839  1198.6 454.977
83 1191.99 453.052  1198.6 454.977
84 1192.41 453.264  1198.6 454.977
85 1192.84 453.264  1198.6 454.977
86 1193.26 453.479  1198.6 454.977
87 1193.26 453.904  1198.6 454.977
88 1193.26 453.904  1198.6 454.977
89 1193.69 453.691  1198.6 454.977
90 1194.12 453.691  1198.6 454.977
91 1194.12 453.691  1198.6 454.977
92 1194.12 453.691  1198.6 454.977
93 1194.33 453.691  1198.6 454.977
94 1194.75 453.691  1198.6 454.977
95 1194.75 453.691  1198.6 454.977
96 1194.97 453.691  1198.6 454.977
97 1195.18 453.691  1198.6 454.977
98 1195.61 453.691  1198.6 454.977
99 1195.82 453.691  1198.6 454.977
