0 1230.23 481.645 1230.23 481.645
1 1230.23 481.645 1230.23 481.645
2 1230.23 481.645 1230.23 481.645
3 1230.23 481.645 1230.23 481.645
4 1230.23 481.645 1230.23 481.645
5 1230.23 481.645 1230.23 481.645
6 1230.23 481.645 1230.23 481.645
7 1230.23 481.645 1230.23 481.645
8 1230.23 481.645 1230.23 481.645
9 1230.23 481.645 1230.23 481.645
10 1230.23 481.645 1230.23 481.645
11 1228.55 481.225 1230.23 481.645
12 1227.71 480.808 1230.23 481.645
13 1224.56 479.758 1230.23 481.645
14 1222.24 478.077 1230.23 481.645
15 1217.41 475.337 1230.23 481.645
16 1211.53 474.293 1230.23 481.645
17 1206.9 472.823 1230.23 481.645
18 1200.39 468.622 1230.23 481.645
19 1193.47 464.206 1230.23 481.645
20 1181.29 458.959 1230.23 481.645
21 1167.84 454.759 1230.23 481.645
22 1150.2 447.611 1230.23 481.645
23 1132.36 440.464 1230.23 481.645
24 1107.59 431.231 1230.23 481.645
25 1078.41 422.199 1230.23 481.645
26 1054.03 411.48 1230.23 481.645
27 1025.26 400.354 1230.23 481.645
28 988.719 383.342 1230.23 481.645
29 952.987 368.409 1230.23 481.645
30 906.781 348.658 1230.23 481.645
31 848.788 327.43 1230.23 481.645
32 796.083 304.956 1230.23 481.645
33 734.928 280.792 1230.23 481.645
34 665.204 255.594 1230.23 481.645
35 597.166 225.786 1230.23 481.645
36 528.697 197.656 1230.23 481.645
37 461.694 170.355 1230.23 481.645
38 393.81 147.233 1230.23 481.645
39 322.834 124.963 1230.23 481.645
40 268.467 105.21 1230.23 481.645
41 228.787 87.1468 1230.23 481.645
42 196.211 72.6529 1230.23 481.645
43 172.678 62.7882 1230.23 481.645
44 155.45 51.6587 1230.23 481.645
45 137.394 44.0989 1230.23 481.645
46 121.198 41.3705 1230.23 481.645
47 106.906 36.5419 1230.23 481.645
48 95.9871 34.6511 1230.23 481.645
49 87.1607 32.7562 1230.23 481.645
50 79.8132 28.3467 1230.23 481.645
51 72.4607 25.4039 1230.23 481.645
52 68.469 23.5168 1230.23 481.645
53 62.171 22.4669 1230.23 481.645
54 57.7631 21.6257 1230.23 481.645
55 52.514 20.785 1230.23 481.645
56 47.473 19.1025 1230.23 481.645
57 43.2711 18.2626 1230.23 481.645
58 39.9129 17.2197 1230.23 481.645
59 36.9758 16.3814 1230.23 481.645
60 34.6644 15.7531 1230.23 481.645
61 32.9878 14.9162 1230.23 481.645
62 31.3001 14.2893 1230.23 481.645
63 29.6163 12.1938 1230.23 481.645
64 28.566 11.3499 1230.23 481.645
65 25.8344 10.0908 1230.23 481.645
66 24.1536 9.87921 1230.23 481.645
67 22.6842 9.25024 1230.23 481.645
68 21.421 8.83073 1230.23 481.645
69 20.1621 8.41216 1230.23 481.645
70 18.9077 7.57219 1230.23 481.645
71 18.4885 7.15281 1230.23 481.645
72 17.0153 6.73262 1230.23 481.645
73 15.9614 6.52253 1230.23 481.645
74 15.5404 5.89008 1230.23 481.645
75 14.7 5.89008 1230.23 481.645
76 13.6511 5.25697 1230.23 481.645
77 13.4407 4.83547 1230.23 481.645
78 12.8116 4.83547 1230.23 481.645
79 12.3903 4.83547 1230.23 481.645
80 11.7616 4.62639 1230.23 481.645
81 11.5528 4.62639 1230.23 481.645
82 10.7109 4.62563 1230.23 481.645
83 10.4997 4.41407 1230.23 481.645
84 10.2909 4.41407 1230.23 481.645
85 9.6599 4.41407 1230.23 481.645
86 9.451 4.41407 1230.23 481.645
87 9.24101 3.99277 1230.23 481.645
88 9.24101 3.78307 1230.23 481.645
89 8.19026 3.78307 1230.23 481.645
90 7.77013 3.35906 1230.23 481.645
91 7.56049 2.93812 1230.23 481.645
92 6.92938 2.93812 1230.23 481.645
93 6.92938 2.93812 1230.23 481.645
94 6.92938 2.72682 1230.23 481.645
95 6.71887 2.72408 1230.23 481.645
96 6.50901 2.72408 1230.23 481.645
97 6.50901 2.72408 1230.23 481.645
98 6.29762 2.72408 1230.23 481.645
99 6.08676 2.72408 1230.23 481.645
