0 266.706 0 266.706 0
1 266.706 0 266.706 0
2 266.706 0 266.706 0
3 266.706 0 266.706 0
4 266.706 0 266.706 0
5 266.706 0 266.706 0
6 266.706 0 266.706 0
7 266.706 0 266.706 0
8 266.706 0 266.706 0
9 266.706 0 266.706 0
10 266.706 0 266.706 0
11 265.704 0 266.706 0
12 264.899 0 266.706 0
13 264.495 0 266.706 0
14 263.893 0 266.706 0
15 262.688 0 266.706 0
16 261.281 0 266.706 0
17 259.274 0 266.706 0
18 257.275 0 266.706 0
19 255.463 0 266.706 0
20 251.657 0 266.706 0
21 247.837 0 266.706 0
22 243.502 0 266.706 0
23 239.892 0 266.706 0
24 233.27 0 266.706 0
25 226.857 0 266.706 0
26 219.229 0 266.706 0
27 209.783 0 266.706 0
28 199.553 0 266.706 0
29 190.72 0 266.706 0
30 179.487 0 266.706 0
31 167.03 0 266.706 0
32 154.392 0 266.706 0
33 140.143 0 266.706 0
34 126.9 0 266.706 0
35 111.838 0 266.706 0
36 97.7935 0 266.706 0
37 84.1287 0 266.706 0
38 71.6811 0 266.706 0
39 60.9338 0 266.706 0
40 50.306 0 266.706 0
41 42.2793 0 266.706 0
42 36.8524 0 266.706 0
43 32.1201 0 266.706 0
44 28.0975 0 266.706 0
45 25.2918 0 266.706 0
46 21.8782 0 266.706 0
47 19.2735 0 266.706 0
48 17.2698 0 266.706 0
49 15.0592 0 266.706 0
50 13.6582 0 266.706 0
51 12.4525 0 266.706 0
52 10.6418 0 266.706 0
53 10.0381 0 266.706 0
54 9.43888 0 266.706 0
55 9.03744 0 266.706 0
56 8.43537 0 266.706 0
57 7.43426 0 266.706 0
58 7.23398 0 266.706 0
59 6.43107 0 266.706 0
60 6.22968 0 266.706 0
61 5.4245 0 266.706 0
62 4.82106 0 266.706 0
63 4.21557 0 266.706 0
64 4.21557 0 266.706 0
65 3.60931 0 266.706 0
66 3.60931 0 266.706 0
67 3.60931 0 266.706 0
68 3.41349 0 266.706 0
69 3.01124 0 266.706 0
70 2.81105 0 266.706 0
71 2.61091 0 266.706 0
72 2.20666 0 266.706 0
73 2.0059 0 266.706 0
74 1.8046 0 266.706 0
75 1.60264 0 266.706 0
76 1.60264 0 266.706 0
77 1.60264 0 266.706 0
78 1.60264 0 266.706 0
79 1.60264 0 266.706 0
80 1.60264 0 266.706 0
81 1.60264 0 266.706 0
82 1.60264 0 266.706 0
83 1.60264 0 266.706 0
84 1.60264 0 266.706 0
85 1.40295 0 266.706 0
86 1.20277 0 266.706 0
87 1.20277 0 266.706 0
88 1.20277 0 266.706 0
89 1.00262 0 266.706 0
90 1.00262 0 266.706 0
91 1.00262 0 266.706 0
92 1.00262 0 266.706 0
93 1.00262 0 266.706 0
94 1.00262 0 266.706 0
95 1.00262 0 266.706 0
96 1.00262 0 266.706 0
97 1.00262 0 266.706 0
98 1.00262 0 266.706 0
99 1.00262 0 266.706 0
