0 781.881 473.839 781.881 473.839
1 781.881 473.839 781.881 473.839
2 781.881 473.839 781.881 473.839
3 781.881 473.839 781.881 473.839
4 781.881 473.839 781.881 473.839
5 781.881 473.839 781.881 473.839
6 781.881 473.839 781.881 473.839
7 781.881 473.839 781.881 473.839
8 781.881 473.839 781.881 473.839
9 781.881 473.839 781.881 473.839
10 781.881 473.839 781.881 473.839
11 780.693 473.248 781.881 473.839
12 778.307 471.162 781.881 473.839
13 771.168 468.185 781.881 473.839
14 761.944 462.243 781.881 473.839
15 745.286 456.299 781.881 473.839
16 718.524 441.417 781.881 473.839
17 681.692 421.775 781.881 473.839
18 637.648 399.779 781.881 473.839
19 591.273 372.129 781.881 473.839
20 537.469 340.001 781.881 473.839
21 487.237 307.035 781.881 473.839
22 445.32 276.745 781.881 473.839
23 400.139 246.73 781.881 473.839
24 349.33 217.348 781.881 473.839
25 304.727 190.571 781.881 473.839
26 267.538 169.455 781.881 473.839
27 233.068 148.353 781.881 473.839
28 200.372 130.795 781.881 473.839
29 178.956 109.97 781.881 473.839
30 158.745 95.7036 781.881 473.839
31 135.555 81.7239 781.881 473.839
32 115.338 71.3197 781.881 473.839
33 99.0063 61.8011 781.881 473.839
34 84.7236 55.565 781.881 473.839
35 76.7002 48.4323 781.881 473.839
36 65.4049 42.481 781.881 473.839
37 58.2741 38.9115 781.881 473.839
38 50.5565 35.9374 781.881 473.839
39 45.8129 32.3685 781.881 473.839
40 43.1386 29.6948 781.881 473.839
41 38.3658 27.0142 781.881 473.839
42 33.3126 24.9378 781.881 473.839
43 29.7467 21.3763 781.881 473.839
44 25.2755 20.1857 781.881 473.839
45 23.1933 16.326 781.881 473.839
46 21.1196 14.8377 781.881 473.839
47 20.2244 13.6497 781.881 473.839
48 19.6303 10.9808 781.881 473.839
49 16.653 10.6847 781.881 473.839
50 15.4587 10.3864 781.881 473.839
51 15.1634 9.79311 781.881 473.839
52 13.6746 9.20242 781.881 473.839
53 13.0793 8.61099 781.881 473.839
54 12.1886 8.31576 781.881 473.839
55 11.2994 7.12971 781.881 473.839
56 10.7027 6.5327 781.881 473.839
57 10.1071 5.93629 781.881 473.839
58 9.80976 5.93629 781.881 473.839
59 8.92097 5.33931 781.881 473.839
60 8.02376 4.7421 781.881 473.839
61 7.72882 4.44579 781.881 473.839
62 6.53649 3.55712 781.881 473.839
63 6.2374 3.55712 781.881 473.839
64 5.94239 3.55712 781.881 473.839
65 5.64589 3.25978 781.881 473.839
66 5.35088 3.55928 781.881 473.839
67 5.35088 3.26593 781.881 473.839
68 5.05386 2.96946 781.881 473.839
69 4.75736 2.37506 781.881 473.839
70 4.46017 2.07766 781.881 473.839
71 3.86343 2.07766 781.881 473.839
72 3.86343 2.07766 781.881 473.839
73 3.86343 2.07766 781.881 473.839
74 3.86343 1.78047 781.881 473.839
75 3.86343 1.78047 781.881 473.839
76 3.86343 1.48712 781.881 473.839
77 3.86343 1.48712 781.881 473.839
78 3.86343 1.18974 781.881 473.839
79 3.86343 0.890778 781.881 473.839
80 3.86343 0.890778 781.881 473.839
81 3.86343 0.890778 781.881 473.839
82 3.86343 0.890778 781.881 473.839
83 3.86343 0.890778 781.881 473.839
84 3.86343 0.890778 781.881 473.839
85 3.86343 0.890778 781.881 473.839
86 3.86343 0.890778 781.881 473.839
87 3.56423 0.890778 781.881 473.839
88 3.56423 0.890778 781.881 473.839
89 3.56423 0.890778 781.881 473.839
90 3.56423 0.890778 781.881 473.839
91 3.26612 0.890778 781.881 473.839
92 3.26612 0.890778 781.881 473.839
93 3.26612 0.890778 781.881 473.839
94 3.26612 0.594443 781.881 473.839
95 3.26612 0.594443 781.881 473.839
96 3.26612 0.594443 781.881 473.839
97 3.26612 0.594443 781.881 473.839
98 3.26612 0.594443 781.881 473.839
99 3.26612 0.594443 781.881 473.839
