0 469.669 250.251 469.669 250.251
1 469.669 250.251 469.669 250.251
2 469.669 250.251 469.669 250.251
3 469.669 250.251 469.669 250.251
4 469.669 250.251 469.669 250.251
5 469.669 250.251 469.669 250.251
6 469.669 250.251 469.669 250.251
7 469.669 250.251 469.669 250.251
8 469.669 250.251 469.669 250.251
9 469.669 250.251 469.669 250.251
10 469.669 250.251 469.669 250.251
11 469.247 250.042 469.669 250.251
12 468.402 249.833 469.669 250.251
13 467.137 249.835 469.669 250.251
14 465.873 249.415 469.669 250.251
15 465.239 248.57 469.669 250.251
16 464.186 247.94 469.669 250.251
17 462.077 247.941 469.669 250.251
18 459.34 246.889 469.669 250.251
19 454.916 244.787 469.669 250.251
20 449.862 241.632 469.669 250.251
21 445.232 239.737 469.669 250.251
22 440.603 236.154 469.669 250.251
23 434.3 233.838 469.669 250.251
24 428.823 227.932 469.669 250.251
25 418.49 223.293 469.669 250.251
26 409.016 218.448 469.669 250.251
27 396.814 213.61 469.669 250.251
28 385.213 206.228 469.669 250.251
29 372.996 197.806 469.669 250.251
30 356.559 188.123 469.669 250.251
31 338.859 178.642 469.669 250.251
32 317.59 168.739 469.669 250.251
33 298.625 153.364 469.669 250.251
34 273.765 140.317 469.669 250.251
35 247.24 124.748 469.669 250.251
36 218.395 112.11 469.669 250.251
37 194.395 99.0601 469.669 250.251
38 165.958 84.9475 469.669 250.251
39 140.061 72.4922 469.669 250.251
40 120.88 61.3265 469.669 250.251
41 96.4283 52.6894 469.669 250.251
42 80.6308 44.6823 469.669 250.251
43 66.9418 39.2072 469.669 250.251
44 59.3527 33.5201 469.669 250.251
45 52.1922 29.9343 469.669 250.251
46 46.0922 27.1995 469.669 250.251
47 41.0458 24.2516 469.669 250.251
48 36.1993 21.5153 469.669 250.251
49 32.2073 18.1394 469.669 250.251
50 29.8947 16.8769 469.669 250.251
51 26.0979 14.7702 469.669 250.251
52 24.2073 13.5091 469.669 250.251
53 22.1012 12.8693 469.669 250.251
54 21.2634 11.8142 469.669 250.251
55 18.9451 10.5481 469.669 250.251
56 17.0555 9.91619 469.669 250.251
57 15.3732 8.65041 469.669 250.251
58 14.1088 8.01813 469.669 250.251
59 13.6877 6.75399 469.669 250.251
60 12.8439 5.90841 469.669 250.251
61 12.2068 5.48688 469.669 250.251
62 11.3649 4.85384 469.669 250.251
63 9.88607 4.6416 469.669 250.251
64 9.46326 4.43005 469.669 250.251
65 8.83525 4.43005 469.669 250.251
66 8.83549 4.21829 469.669 250.251
67 8.62516 3.79683 469.669 250.251
68 8.41365 3.1677 469.669 250.251
69 7.99192 2.95719 469.669 250.251
70 7.56928 2.74539 469.669 250.251
71 7.56928 2.74539 469.669 250.251
72 7.56928 2.53351 469.669 250.251
73 7.56928 2.53421 469.669 250.251
74 7.1494 2.53421 469.669 250.251
75 6.93836 2.53421 469.669 250.251
76 6.72966 2.32376 469.669 250.251
77 5.88837 2.11155 469.669 250.251
78 5.67803 2.11155 469.669 250.251
79 5.25712 2.11155 469.669 250.251
80 4.83518 1.90032 469.669 250.251
81 4.20641 1.68786 469.669 250.251
82 3.78819 1.68786 469.669 250.251
83 3.57802 1.47616 469.669 250.251
84 3.57802 1.47616 469.669 250.251
85 3.57802 1.26583 469.669 250.251
86 3.57802 1.26583 469.669 250.251
87 3.57802 1.26583 469.669 250.251
88 3.36711 1.26583 469.669 250.251
89 3.36711 1.26583 469.669 250.251
90 3.36711 1.0552 469.669 250.251
91 3.36711 1.0552 469.669 250.251
92 3.15729 1.0552 469.669 250.251
93 2.94696 1.0552 469.669 250.251
94 2.73666 1.0552 469.669 250.251
95 2.73666 1.0552 469.669 250.251
96 2.52373 1.0552 469.669 250.251
97 2.10265 0.632023 469.669 250.251
98 2.10265 0.632023 469.669 250.251
99 2.10265 0.632023 469.669 250.251
