0 0 0 508.526 283.555
1 0 0 508.526 283.555
2 0 0 508.526 283.555
3 0 0 508.526 283.555
4 0 0 508.526 283.555
5 0 0 508.526 283.555
6 0 0 508.526 283.555
7 0 0 508.526 283.555
8 0 0 508.526 283.555
9 0 0 508.526 283.555
10 0 0 508.526 283.555
11 1.00281 0 508.526 283.555
12 1.80531 0.600543 508.526 283.555
13 2.80397 1.40173 508.526 283.555
14 4.61 2.20258 508.526 283.555
15 6.4174 2.60553 508.526 283.555
16 9.22568 4.76231 508.526 283.555
17 13.2457 6.56805 508.526 283.555
18 19.0687 7.76789 508.526 283.555
19 23.0777 10.775 508.526 283.555
20 27.7008 13.5898 508.526 283.555
21 32.7215 17.1441 508.526 283.555
22 40.282 23.3669 508.526 283.555
23 50.5211 29.5909 508.526 283.555
24 58.1502 34.6162 508.526 283.555
25 67.3928 42.6459 508.526 283.555
26 81.825 48.6602 508.526 283.555
27 94.6273 57.4947 508.526 283.555
28 110.098 68.43 508.526 283.555
29 128.767 80.0543 508.526 283.555
30 152.397 88.8862 508.526 283.555
31 172.074 102.936 508.526 283.555
32 198.987 116.753 508.526 283.555
33 225.275 132.409 508.526 283.555
34 254.999 149.67 508.526 283.555
35 286.318 168.917 508.526 283.555
36 318.645 185.586 508.526 283.555
37 344.646 200.044 508.526 283.555
38 371.343 212.09 508.526 283.555
39 392.428 221.102 508.526 283.555
40 410.293 232.549 508.526 283.555
41 425.917 238.97 508.526 283.555
42 437.167 245.198 508.526 283.555
43 446.591 250.026 508.526 283.555
44 451.407 253.242 508.526 283.555
45 458.84 256.057 508.526 283.555
46 464.663 257.663 508.526 283.555
47 468.669 259.471 508.526 283.555
48 471.883 261.474 508.526 283.555
49 476.304 262.87 508.526 283.555
50 478.873 264.883 508.526 283.555
51 483.092 266.892 508.526 283.555
52 483.692 268.697 508.526 283.555
53 484.697 269.7 508.526 283.555
54 486.704 271.31 508.526 283.555
55 488.317 272.114 508.526 283.555
56 489.724 272.516 508.526 283.555
57 491.332 272.716 508.526 283.555
58 492.338 273.917 508.526 283.555
59 493.138 274.923 508.526 283.555
60 494.348 275.524 508.526 283.555
61 494.947 276.331 508.526 283.555
62 495.947 276.532 508.526 283.555
63 496.748 276.931 508.526 283.555
64 497.147 277.331 508.526 283.555
65 497.752 277.531 508.526 283.555
66 498.352 277.731 508.526 283.555
67 498.753 278.135 508.526 283.555
68 498.753 278.135 508.526 283.555
69 499.752 278.539 508.526 283.555
70 499.752 278.94 508.526 283.555
71 500.348 278.94 508.526 283.555
72 500.749 278.94 508.526 283.555
73 501.152 279.542 508.526 283.555
74 501.703 279.542 508.526 283.555
75 501.903 279.743 508.526 283.555
76 502.103 279.944 508.526 283.555
77 502.304 279.944 508.526 283.555
78 502.304 280.145 508.526 283.555
79 502.504 280.145 508.526 283.555
80 502.704 280.345 508.526 283.555
81 502.704 280.745 508.526 283.555
82 502.704 280.745 508.526 283.555
83 503.102 280.745 508.526 283.555
84 503.303 280.946 508.526 283.555
85 503.705 280.946 508.526 283.555
86 503.705 281.145 508.526 283.555
87 504.31 281.145 508.526 283.555
88 504.712 281.346 508.526 283.555
89 504.914 281.346 508.526 283.555
90 505.116 281.346 508.526 283.555
91 505.316 281.346 508.526 283.555
92 505.515 281.346 508.526 283.555
93 505.916 281.346 508.526 283.555
94 506.319 281.346 508.526 283.555
95 506.319 281.346 508.526 283.555
96 506.319 281.548 508.526 283.555
97 506.319 281.748 508.526 283.555
98 506.319 281.748 508.526 283.555
99 506.319 281.748 508.526 283.555
