0 0 0 635.726 383.777
1 0 0 635.726 383.777
2 0 0 635.726 383.777
3 0 0 635.726 383.777
4 0 0 635.726 383.777
5 0 0 635.726 383.777
6 0 0 635.726 383.777
7 0 0 635.726 383.777
8 0 0 635.726 383.777
9 0 0 635.726 383.777
10 0 0 635.726 383.777
11 1.26654 0.422242 635.726 383.777
12 3.16395 2.10832 635.726 383.777
13 6.95036 3.79649 635.726 383.777
14 12.2145 6.95731 635.726 383.777
15 22.9562 11.5879 635.726 383.777
16 33.2674 16.2186 635.726 383.777
17 44.2539 25.9132 635.726 383.777
18 69.1059 35.8258 635.726 383.777
19 92.4855 52.6817 635.726 383.777
20 121.788 71.8631 635.726 383.777
21 156.564 94.87 635.726 383.777
22 201.463 123.309 635.726 383.777
23 249.109 149.023 635.726 383.777
24 297.561 181.291 635.726 383.777
25 341.16 207.423 635.726 383.777
26 384.81 234.414 635.726 383.777
27 422.122 254.626 635.726 383.777
28 456.256 275.284 635.726 383.777
29 481.547 288.342 635.726 383.777
30 503.658 302.242 635.726 383.777
31 517.777 312.165 635.726 383.777
32 532.089 320.374 635.726 383.777
33 546.193 330.697 635.726 383.777
34 557.352 335.121 635.726 383.777
35 568.525 340.607 635.726 383.777
36 572.739 345.654 635.726 383.777
37 579.889 350.081 635.726 383.777
38 585.373 353.66 635.726 383.777
39 591.274 356.195 635.726 383.777
40 595.281 358.511 635.726 383.777
41 600.342 361.466 635.726 383.777
42 603.281 363.364 635.726 383.777
43 604.967 365.256 635.726 383.777
44 607.283 367.571 635.726 383.777
45 608.757 369.041 635.726 383.777
46 611.71 370.519 635.726 383.777
47 613.186 371.574 635.726 383.777
48 614.453 372.624 635.726 383.777
49 616.978 372.624 635.726 383.777
50 618.035 373.681 635.726 383.777
51 620.144 374.311 635.726 383.777
52 621.828 374.726 635.726 383.777
53 622.669 375.146 635.726 383.777
54 623.723 375.356 635.726 383.777
55 624.146 375.567 635.726 383.777
56 624.778 375.989 635.726 383.777
57 625.625 375.989 635.726 383.777
58 626.256 376.411 635.726 383.777
59 626.887 376.411 635.726 383.777
60 627.938 376.834 635.726 383.777
61 627.938 376.834 635.726 383.777
62 628.357 377.044 635.726 383.777
63 628.569 377.675 635.726 383.777
64 628.78 377.675 635.726 383.777
65 629.409 377.887 635.726 383.777
66 629.409 378.097 635.726 383.777
67 629.62 378.517 635.726 383.777
68 630.036 378.728 635.726 383.777
69 630.036 379.15 635.726 383.777
70 630.248 379.361 635.726 383.777
71 630.248 379.361 635.726 383.777
72 630.248 379.57 635.726 383.777
73 630.248 379.57 635.726 383.777
74 630.457 379.779 635.726 383.777
75 631.3 379.779 635.726 383.777
76 631.511 379.779 635.726 383.777
77 631.511 379.991 635.726 383.777
78 631.511 379.991 635.726 383.777
79 631.511 380.202 635.726 383.777
80 631.511 380.202 635.726 383.777
81 631.935 380.202 635.726 383.777
82 632.143 380.414 635.726 383.777
83 632.354 380.414 635.726 383.777
84 632.778 380.414 635.726 383.777
85 632.778 380.414 635.726 383.777
86 632.778 380.414 635.726 383.777
87 632.778 380.414 635.726 383.777
88 632.99 380.414 635.726 383.777
89 632.99 380.414 635.726 383.777
90 632.99 380.414 635.726 383.777
91 633.411 380.414 635.726 383.777
92 633.411 380.414 635.726 383.777
93 633.411 380.414 635.726 383.777
94 633.411 380.838 635.726 383.777
95 633.62 381.048 635.726 383.777
96 633.62 381.048 635.726 383.777
97 633.62 381.048 635.726 383.777
98 633.832 381.259 635.726 383.777
99 633.832 381.259 635.726 383.777
