0 0 0 15599 6295
1 0 0 15599 6295
2 0 0 15599 6295
3 0 0 15599 6295
4 0 0 15599 6295
5 0 0 15599 6295
6 0 0 15599 6295
7 0 0 15599 6295
8 0 0 15599 6295
9 0 0 15599 6295
10 0 0 15599 6295
11 30 7 15599 6295
12 90 32 15599 6295
13 181 74 15599 6295
14 315 127 15599 6295
15 545 211 15599 6295
16 819 324 15599 6295
17 1204 473 15599 6295
18 1741 640 15599 6295
19 2364 903 15599 6295
20 3114 1211 15599 6295
21 4018 1575 15599 6295
22 5052 1988 15599 6295
23 6151 2427 15599 6295
24 7306 2926 15599 6295
25 8446 3367 15599 6295
26 9522 3770 15599 6295
27 10359 4116 15599 6295
28 11145 4422 15599 6295
29 11786 4664 15599 6295
30 12302 4886 15599 6295
31 12723 5063 15599 6295
32 13110 5232 15599 6295
33 13446 5383 15599 6295
34 13717 5489 15599 6295
35 13948 5586 15599 6295
36 14130 5668 15599 6295
37 14290 5737 15599 6295
38 14426 5795 15599 6295
39 14563 5840 15599 6295
40 14654 5885 15599 6295
41 14747 5939 15599 6295
42 14828 5967 15599 6295
43 14892 5989 15599 6295
44 14947 6019 15599 6295
45 14994 6042 15599 6295
46 15037 6063 15599 6295
47 15079 6077 15599 6295
48 15118 6091 15599 6295
49 15158 6100 15599 6295
50 15201 6112 15599 6295
51 15232 6125 15599 6295
52 15255 6136 15599 6295
53 15277 6149 15599 6295
54 15298 6155 15599 6295
55 15321 6164 15599 6295
56 15333 6172 15599 6295
57 15344 6175 15599 6295
58 15361 6183 15599 6295
59 15373 6184 15599 6295
60 15388 6189 15599 6295
61 15398 6194 15599 6295
62 15406 6200 15599 6295
63 15416 6206 15599 6295
64 15426 6207 15599 6295
65 15434 6211 15599 6295
66 15440 6214 15599 6295
67 15448 6220 15599 6295
68 15456 6223 15599 6295
69 15459 6229 15599 6295
70 15465 6232 15599 6295
71 15468 6237 15599 6295
72 15471 6241 15599 6295
73 15476 6243 15599 6295
74 15482 6244 15599 6295
75 15497 6244 15599 6295
76 15501 6247 15599 6295
77 15510 6247 15599 6295
78 15512 6249 15599 6295
79 15515 6253 15599 6295
80 15518 6254 15599 6295
81 15525 6254 15599 6295
82 15529 6255 15599 6295
83 15532 6256 15599 6295
84 15539 6258 15599 6295
85 15539 6258 15599 6295
86 15544 6258 15599 6295
87 15545 6261 15599 6295
88 15550 6261 15599 6295
89 15552 6261 15599 6295
90 15555 6265 15599 6295
91 15556 6265 15599 6295
92 15557 6266 15599 6295
93 15557 6267 15599 6295
94 15558 6269 15599 6295
95 15560 6270 15599 6295
96 15562 6270 15599 6295
97 15562 6270 15599 6295
98 15564 6271 15599 6295
99 15565 6271 15599 6295
