0 455.998 257.955 455.998 257.955
1 455.998 257.955 455.998 257.955
2 455.998 257.955 455.998 257.955
3 455.998 257.955 455.998 257.955
4 455.998 257.955 455.998 257.955
5 455.998 257.955 455.998 257.955
6 455.998 257.955 455.998 257.955
7 455.998 257.955 455.998 257.955
8 455.998 257.955 455.998 257.955
9 455.998 257.955 455.998 257.955
10 455.998 257.955 455.998 257.955
11 454.947 257.535 455.998 257.955
12 454.737 256.905 455.998 257.955
13 453.687 256.488 455.998 257.955
14 452.425 255.647 455.998 257.955
15 449.904 253.331 455.998 257.955
16 448.433 252.497 455.998 257.955
17 446.335 251.447 455.998 257.955
18 442.976 248.293 455.998 257.955
19 438.563 246.191 455.998 257.955
20 434.572 242.204 455.998 257.955
21 429.945 239.893 455.998 257.955
22 422.384 237.16 455.998 257.955
23 416.083 233.797 455.998 257.955
24 405.371 228.766 455.998 257.955
25 395.096 223.932 455.998 257.955
26 385.435 217.623 455.998 257.955
27 376.202 212.799 455.998 257.955
28 360.668 204.821 455.998 257.955
29 349.106 197.446 455.998 257.955
30 330.208 186.521 455.998 257.955
31 307.723 174.757 455.998 257.955
32 287.567 160.469 455.998 257.955
33 265.92 149.119 455.998 257.955
34 237.556 136.518 455.998 257.955
35 215.519 122.244 455.998 257.955
36 190.531 105.663 455.998 257.955
37 167.227 90.744 455.998 257.955
38 144.507 78.1279 455.998 257.955
39 121.414 66.5753 455.998 257.955
40 102.526 56.2705 455.998 257.955
41 84.6672 45.5582 455.998 257.955
42 72.4688 38.6209 455.998 257.955
43 61.5431 33.1658 455.998 257.955
44 55.6654 26.4533 455.998 257.955
45 47.8936 23.0907 455.998 257.955
46 42.2208 22.043 455.998 257.955
47 36.1276 19.108 455.998 257.955
48 31.7194 18.2713 455.998 257.955
49 29.197 17.8498 455.998 257.955
50 27.0969 15.329 455.998 257.955
51 24.1585 12.8067 455.998 257.955
52 22.8958 12.1798 455.998 257.955
53 20.3755 11.5495 455.998 257.955
54 18.2758 10.918 455.998 257.955
55 15.9664 10.4996 455.998 257.955
56 14.917 9.65979 455.998 257.955
57 13.6551 9.0296 455.998 257.955
58 12.1875 8.19764 455.998 257.955
59 11.768 8.19764 455.998 257.955
60 11.1372 7.98856 455.998 257.955
61 10.513 7.36035 455.998 257.955
62 10.0894 7.57013 455.998 257.955
63 9.66903 6.94221 455.998 257.955
64 9.03895 6.52083 455.998 257.955
65 8.40763 5.89184 455.998 257.955
66 7.56818 5.68024 455.998 257.955
67 7.56746 5.26111 455.998 257.955
68 7.35648 5.26111 455.998 257.955
69 7.35648 5.05113 455.998 257.955
70 6.93649 4.42046 455.998 257.955
71 6.93649 4.00108 455.998 257.955
72 6.30347 3.79099 455.998 257.955
73 5.46014 3.79099 455.998 257.955
74 5.24843 3.36768 455.998 257.955
75 5.03728 3.36768 455.998 257.955
76 4.8285 2.94508 455.998 257.955
77 4.8285 2.73468 455.998 257.955
78 4.61943 2.73468 455.998 257.955
79 4.40804 2.73468 455.998 257.955
80 4.19817 2.5256 455.998 257.955
81 4.19817 2.5256 455.998 257.955
82 3.77791 2.31532 455.998 257.955
83 3.77791 2.10375 455.998 257.955
84 3.56903 2.10375 455.998 257.955
85 3.56903 2.10375 455.998 257.955
86 3.36013 2.10375 455.998 257.955
87 3.15014 1.68246 455.998 257.955
88 3.15014 1.68246 455.998 257.955
89 2.72899 1.68246 455.998 257.955
90 2.72899 1.25844 455.998 257.955
91 2.51935 1.04802 455.998 257.955
92 2.30935 1.04802 455.998 257.955
93 2.30935 1.04802 455.998 257.955
94 2.30935 0.836722 455.998 257.955
95 2.09884 0.836722 455.998 257.955
96 2.09884 0.836722 455.998 257.955
97 2.09884 0.836722 455.998 257.955
98 2.09884 0.836722 455.998 257.955
99 1.88797 0.836722 455.998 257.955
