0 508.526 283.555 508.526 283.555
1 508.526 283.555 508.526 283.555
2 508.526 283.555 508.526 283.555
3 508.526 283.555 508.526 283.555
4 508.526 283.555 508.526 283.555
5 508.526 283.555 508.526 283.555
6 508.526 283.555 508.526 283.555
7 508.526 283.555 508.526 283.555
8 508.526 283.555 508.526 283.555
9 508.526 283.555 508.526 283.555
10 508.526 283.555 508.526 283.555
11 507.523 283.555 508.526 283.555
12 506.721 282.955 508.526 283.555
13 505.722 282.153 508.526 283.555
14 503.916 281.353 508.526 283.555
15 502.109 280.95 508.526 283.555
16 499.3 278.793 508.526 283.555
17 495.28 276.987 508.526 283.555
18 489.457 275.787 508.526 283.555
19 485.448 272.78 508.526 283.555
20 480.825 269.965 508.526 283.555
21 475.804 266.411 508.526 283.555
22 468.244 260.188 508.526 283.555
23 458.005 253.964 508.526 283.555
24 450.376 248.939 508.526 283.555
25 441.133 240.909 508.526 283.555
26 426.701 234.895 508.526 283.555
27 413.899 226.06 508.526 283.555
28 398.428 215.125 508.526 283.555
29 379.759 203.501 508.526 283.555
30 356.129 194.669 508.526 283.555
31 336.452 180.619 508.526 283.555
32 309.539 166.802 508.526 283.555
33 283.251 151.146 508.526 283.555
34 253.527 133.886 508.526 283.555
35 222.208 114.639 508.526 283.555
36 189.881 97.9692 508.526 283.555
37 163.88 83.5109 508.526 283.555
38 137.183 71.4648 508.526 283.555
39 116.098 62.453 508.526 283.555
40 98.2331 51.0066 508.526 283.555
41 82.6087 44.5849 508.526 283.555
42 71.3587 38.3571 508.526 283.555
43 61.9351 33.5287 508.526 283.555
44 57.1187 30.3128 508.526 283.555
45 49.686 27.4978 508.526 283.555
46 43.8633 25.892 508.526 283.555
47 39.8574 24.0845 508.526 283.555
48 36.6427 22.0807 508.526 283.555
49 32.222 20.6856 508.526 283.555
50 29.6527 18.6724 508.526 283.555
51 25.434 16.6627 508.526 283.555
52 24.8336 14.8585 508.526 283.555
53 23.8289 13.8548 508.526 283.555
54 21.8223 12.2449 508.526 283.555
55 20.2092 11.4412 508.526 283.555
56 18.802 11.0394 508.526 283.555
57 17.1937 10.8394 508.526 283.555
58 16.1882 9.63779 508.526 283.555
59 15.3881 8.63223 508.526 283.555
60 14.1783 8.03116 508.526 283.555
61 13.5788 7.2239 508.526 283.555
62 12.579 7.02368 508.526 283.555
63 11.7784 6.62417 508.526 283.555
64 11.379 6.22378 508.526 283.555
65 10.774 6.02374 508.526 283.555
66 10.1736 5.82369 508.526 283.555
67 9.77297 5.41992 508.526 283.555
68 9.77297 5.41992 508.526 283.555
69 8.77401 5.01587 508.526 283.555
70 8.77401 4.61513 508.526 283.555
71 8.1778 4.61513 508.526 283.555
72 7.77679 4.61513 508.526 283.555
73 7.374 4.01281 508.526 283.555
74 6.82326 4.01281 508.526 283.555
75 6.62286 3.81266 508.526 283.555
76 6.42288 3.61143 508.526 283.555
77 6.22213 3.61143 508.526 283.555
78 6.22213 3.41069 508.526 283.555
79 6.02218 3.41069 508.526 283.555
80 5.82192 3.21002 508.526 283.555
81 5.82192 2.81064 508.526 283.555
82 5.82192 2.81064 508.526 283.555
83 5.42379 2.81064 508.526 283.555
84 5.22253 2.6093 508.526 283.555
85 4.82114 2.6093 508.526 283.555
86 4.82114 2.40998 508.526 283.555
87 4.21624 2.40998 508.526 283.555
88 3.81379 2.20953 508.526 283.555
89 3.61237 2.20953 508.526 283.555
90 3.40992 2.20953 508.526 283.555
91 3.20982 2.20953 508.526 283.555
92 3.01104 2.20953 508.526 283.555
93 2.61047 2.20953 508.526 283.555
94 2.20692 2.20953 508.526 283.555
95 2.20692 2.20953 508.526 283.555
96 2.20692 2.00765 508.526 283.555
97 2.20692 1.80683 508.526 283.555
98 2.20692 1.80683 508.526 283.555
99 2.20692 1.80683 508.526 283.555
