0 0 0 134.841 0
1 0 0 134.841 0
2 0 0 134.841 0
3 0 0 134.841 0
4 0 0 134.841 0
5 0 0 134.841 0
6 0 0 134.841 0
7 0 0 134.841 0
8 0 0 134.841 0
9 0 0 134.841 0
10 0 0 134.841 0
11 0.209804 0 134.841 0
12 0.419507 0 134.841 0
13 0.630391 0 134.841 0
14 0.840115 0 134.841 0
15 1.04986 0 134.841 0
16 1.89013 0 134.841 0
17 2.73527 0 134.841 0
18 3.15417 0 134.841 0
19 3.78305 0 134.841 0
20 5.04233 0 134.841 0
21 6.50971 0 134.841 0
22 8.19258 0 134.841 0
23 10.2892 0 134.841 0
24 12.1765 0 134.841 0
25 16.3803 0 134.841 0
26 17.64 0 134.841 0
27 23.3088 0 134.841 0
28 27.9278 0 134.841 0
29 31.7089 0 134.841 0
30 38.2177 0 134.841 0
31 43.2514 0 134.841 0
32 49.9772 0 134.841 0
33 57.9662 0 134.841 0
34 65.5107 0 134.841 0
35 72.2372 0 134.841 0
36 79.1628 0 134.841 0
37 84.4093 0 134.841 0
38 92.6021 0 134.841 0
39 98.0726 0 134.841 0
40 104.382 0 134.841 0
41 108.793 0 134.841 0
42 112.156 0 134.841 0
43 114.258 0 134.841 0
44 115.939 0 134.841 0
45 117.407 0 134.841 0
46 118.251 0 134.841 0
47 119.095 0 134.841 0
48 120.357 0 134.841 0
49 121.831 0 134.841 0
50 122.881 0 134.841 0
51 123.51 0 134.841 0
52 124.767 0 134.841 0
53 126.237 0 134.841 0
54 127.076 0 134.841 0
55 127.287 0 134.841 0
56 127.497 0 134.841 0
57 128.546 0 134.841 0
58 129.177 0 134.841 0
59 129.806 0 134.841 0
60 130.227 0 134.841 0
61 130.227 0 134.841 0
62 130.438 0 134.841 0
63 130.648 0 134.841 0
64 130.648 0 134.841 0
65 130.856 0 134.841 0
66 131.065 0 134.841 0
67 132.112 0 134.841 0
68 132.112 0 134.841 0
69 132.112 0 134.841 0
70 132.112 0 134.841 0
71 132.112 0 134.841 0
72 132.532 0 134.841 0
73 132.532 0 134.841 0
74 132.742 0 134.841 0
75 132.951 0 134.841 0
76 133.161 0 134.841 0
77 133.161 0 134.841 0
78 133.371 0 134.841 0
79 133.371 0 134.841 0
80 133.581 0 134.841 0
81 133.581 0 134.841 0
82 134.002 0 134.841 0
83 134.002 0 134.841 0
84 134.002 0 134.841 0
85 134.212 0 134.841 0
86 134.212 0 134.841 0
87 134.212 0 134.841 0
88 134.212 0 134.841 0
89 134.212 0 134.841 0
90 134.212 0 134.841 0
91 134.212 0 134.841 0
92 134.422 0 134.841 0
93 134.422 0 134.841 0
94 134.422 0 134.841 0
95 134.422 0 134.841 0
96 134.422 0 134.841 0
97 134.422 0 134.841 0
98 134.422 0 134.841 0
99 134.422 0 134.841 0
