0 0 0 386.677 223.69
1 0 0 386.677 223.69
2 0 0 386.677 223.69
3 0 0 386.677 223.69
4 0 0 386.677 223.69
5 0 0 386.677 223.69
6 0 0 386.677 223.69
7 0 0 386.677 223.69
8 0 0 386.677 223.69
9 0 0 386.677 223.69
10 0 0 386.677 223.69
11 0.209775 0 386.677 223.69
12 0.421553 -0.213039 386.677 223.69
13 1.26448 0.419409 386.677 223.69
14 1.26578 1.26046 386.677 223.69
15 2.94854 1.68373 386.677 223.69
16 5.46974 1.89377 386.677 223.69
17 6.9379 2.31344 386.677 223.69
18 8.40708 3.3607 386.677 223.69
19 9.45476 5.67472 386.677 223.69
20 13.6524 6.93538 386.677 223.69
21 17.4272 8.82342 386.677 223.69
22 22.8791 13.2396 386.677 223.69
23 29.8022 17.0223 386.677 223.69
24 37.5666 21.2248 386.677 223.69
25 48.2766 25.4225 386.677 223.69
26 56.2651 29.8327 386.677 223.69
27 64.8773 36.1353 386.677 223.69
28 73.4879 45.1688 386.677 223.69
29 84.2048 52.7269 386.677 223.69
30 96.1828 61.5532 386.677 223.69
31 114.048 71.0171 386.677 223.69
32 130.208 79.2028 386.677 223.69
33 148.689 92.0171 386.677 223.69
34 171.368 104.614 386.677 223.69
35 196.568 120.149 386.677 223.69
36 220.317 131.697 386.677 223.69
37 244.705 144.079 386.677 223.69
38 265.498 154.585 386.677 223.69
39 289.027 165.303 386.677 223.69
40 304.346 174.75 386.677 223.69
41 313.992 182.101 386.677 223.69
42 324.699 189.658 386.677 223.69
43 330.791 194.068 386.677 223.69
44 335.209 198.484 386.677 223.69
45 340.035 202.682 386.677 223.69
46 345.294 204.362 386.677 223.69
47 349.914 206.256 386.677 223.69
48 353.485 207.31 386.677 223.69
49 356.635 208.783 386.677 223.69
50 358.944 210.672 386.677 223.69
51 361.467 211.093 386.677 223.69
52 362.306 212.353 386.677 223.69
53 363.567 212.772 386.677 223.69
54 364.407 212.982 386.677 223.69
55 366.716 213.404 386.677 223.69
56 368.815 214.247 386.677 223.69
57 370.286 214.457 386.677 223.69
58 371.125 214.668 386.677 223.69
59 372.804 215.506 386.677 223.69
60 373.434 215.925 386.677 223.69
61 374.067 216.134 386.677 223.69
62 374.698 216.971 386.677 223.69
63 375.542 218.438 386.677 223.69
64 375.753 218.861 386.677 223.69
65 377.226 219.491 386.677 223.69
66 377.646 219.491 386.677 223.69
67 377.858 219.701 386.677 223.69
68 378.701 220.12 386.677 223.69
69 379.539 220.329 386.677 223.69
70 380.373 220.538 386.677 223.69
71 380.792 220.538 386.677 223.69
72 381.212 220.748 386.677 223.69
73 381.212 220.958 386.677 223.69
74 381.212 221.167 386.677 223.69
75 381.632 221.167 386.677 223.69
76 382.052 221.378 386.677 223.69
77 382.262 221.589 386.677 223.69
78 382.262 221.589 386.677 223.69
79 382.472 221.589 386.677 223.69
80 382.472 221.589 386.677 223.69
81 382.472 221.589 386.677 223.69
82 382.472 221.38 386.677 223.69
83 382.683 221.38 386.677 223.69
84 382.683 221.38 386.677 223.69
85 382.683 221.38 386.677 223.69
86 382.683 221.38 386.677 223.69
87 382.683 221.38 386.677 223.69
88 382.683 221.589 386.677 223.69
89 383.103 221.589 386.677 223.69
90 383.523 221.589 386.677 223.69
91 383.523 221.8 386.677 223.69
92 383.734 221.8 386.677 223.69
93 383.734 221.8 386.677 223.69
94 383.734 221.8 386.677 223.69
95 383.734 221.802 386.677 223.69
96 383.734 221.802 386.677 223.69
97 383.734 221.802 386.677 223.69
98 383.946 221.802 386.677 223.69
99 383.946 221.802 386.677 223.69
