0 0 0 469.669 250.251
1 0 0 469.669 250.251
2 0 0 469.669 250.251
3 0 0 469.669 250.251
4 0 0 469.669 250.251
5 0 0 469.669 250.251
6 0 0 469.669 250.251
7 0 0 469.669 250.251
8 0 0 469.669 250.251
9 0 0 469.669 250.251
10 0 0 469.669 250.251
11 0.421968 0.208506 469.669 250.251
12 1.26677 0.417874 469.669 250.251
13 2.53173 0.415884 469.669 250.251
14 3.79516 0.835984 469.669 250.251
15 4.42904 1.68043 469.669 250.251
16 5.48218 2.31043 469.669 250.251
17 7.59189 2.30924 469.669 250.251
18 10.3284 3.36177 469.669 250.251
19 14.7525 5.46323 469.669 250.251
20 19.8064 8.61812 469.669 250.251
21 24.4363 10.5131 469.669 250.251
22 29.0655 14.0962 469.669 250.251
23 35.3689 16.4126 469.669 250.251
24 40.8452 22.3184 469.669 250.251
25 51.1785 26.9572 469.669 250.251
26 60.6525 31.8023 469.669 250.251
27 72.8542 36.6406 469.669 250.251
28 84.4553 44.0222 469.669 250.251
29 96.673 52.4449 469.669 250.251
30 113.11 62.1278 469.669 250.251
31 130.81 71.6086 469.669 250.251
32 152.079 81.5118 469.669 250.251
33 171.044 96.8864 469.669 250.251
34 195.903 109.934 469.669 250.251
35 222.428 125.502 469.669 250.251
36 251.273 138.141 469.669 250.251
37 275.273 151.19 469.669 250.251
38 303.711 165.303 469.669 250.251
39 329.608 177.758 469.669 250.251
40 348.788 188.924 469.669 250.251
41 373.24 197.561 469.669 250.251
42 389.038 205.568 469.669 250.251
43 402.727 211.043 469.669 250.251
44 410.316 216.73 469.669 250.251
45 417.476 220.316 469.669 250.251
46 423.576 223.051 469.669 250.251
47 428.623 225.999 469.669 250.251
48 433.469 228.735 469.669 250.251
49 437.461 232.111 469.669 250.251
50 439.774 233.374 469.669 250.251
51 443.571 235.48 469.669 250.251
52 445.461 236.741 469.669 250.251
53 447.567 237.381 469.669 250.251
54 448.405 238.436 469.669 250.251
55 450.723 239.702 469.669 250.251
56 452.613 240.334 469.669 250.251
57 454.295 241.6 469.669 250.251
58 455.56 242.232 469.669 250.251
59 455.981 243.497 469.669 250.251
60 456.825 244.342 469.669 250.251
61 457.462 244.764 469.669 250.251
62 458.304 245.397 469.669 250.251
63 459.782 245.609 469.669 250.251
64 460.205 245.82 469.669 250.251
65 460.833 245.82 469.669 250.251
66 460.833 246.032 469.669 250.251
67 461.043 246.454 469.669 250.251
68 461.255 247.083 469.669 250.251
69 461.677 247.293 469.669 250.251
70 462.099 247.505 469.669 250.251
71 462.099 247.505 469.669 250.251
72 462.099 247.717 469.669 250.251
73 462.099 247.716 469.669 250.251
74 462.519 247.716 469.669 250.251
75 462.73 247.716 469.669 250.251
76 462.939 247.927 469.669 250.251
77 463.78 248.139 469.669 250.251
78 463.99 248.139 469.669 250.251
79 464.411 248.139 469.669 250.251
80 464.833 248.35 469.669 250.251
81 465.462 248.563 469.669 250.251
82 465.88 248.563 469.669 250.251
83 466.09 248.774 469.669 250.251
84 466.09 248.774 469.669 250.251
85 466.09 248.985 469.669 250.251
86 466.09 248.985 469.669 250.251
87 466.09 248.985 469.669 250.251
88 466.301 248.985 469.669 250.251
89 466.301 248.985 469.669 250.251
90 466.301 249.195 469.669 250.251
91 466.301 249.195 469.669 250.251
92 466.511 249.195 469.669 250.251
93 466.722 249.195 469.669 250.251
94 466.932 249.195 469.669 250.251
95 466.932 249.195 469.669 250.251
96 467.145 249.195 469.669 250.251
97 467.566 249.618 469.669 250.251
98 467.566 249.618 469.669 250.251
99 467.566 249.618 469.669 250.251
