0 0 0 420.324 0.296675
1 0 0 420.324 0.296675
2 0 0 420.324 0.296675
3 0 0 420.324 0.296675
4 0 0 420.324 0.296675
5 0 0 420.324 0.296675
6 0 0 420.324 0.296675
7 0 0 420.324 0.296675
8 0 0 420.324 0.296675
9 0 0 420.324 0.296675
10 0 0 420.324 0.296675
11 2.0807 0 420.324 0.296675
12 5.0535 0 420.324 0.296675
13 9.22505 0 420.324 0.296675
14 17.5483 0 420.324 0.296675
15 29.4379 0 420.324 0.296675
16 42.8087 0 420.324 0.296675
17 66.6026 0 420.324 0.296675
18 89.1942 0 420.324 0.296675
19 115.627 0 420.324 0.296675
20 142.072 0 420.324 0.296675
21 173.006 0 420.324 0.296675
22 199.151 0 420.324 0.296675
23 222.934 0 420.324 0.296675
24 249.688 0.296675 420.324 0.296675
25 269.29 0.296675 420.324 0.296675
26 288.352 0.296675 420.324 0.296675
27 305.288 0.296675 420.324 0.296675
28 321.352 0.296675 420.324 0.296675
29 333.823 0.296675 420.324 0.296675
30 343.047 0.296675 420.324 0.296675
31 353.45 0.296675 420.324 0.296675
32 363.869 0.296675 420.324 0.296675
33 369.809 0.296675 420.324 0.296675
34 374.559 0.296675 420.324 0.296675
35 378.414 0.296675 420.324 0.296675
36 383.77 0.296675 420.324 0.296675
37 387.044 0.296675 420.324 0.296675
38 389.421 0.296675 420.324 0.296675
39 392.975 0.296675 420.324 0.296675
40 395.059 0.296675 420.324 0.296675
41 396.839 0.296675 420.324 0.296675
42 401.008 0.296675 420.324 0.296675
43 403.68 0.296675 420.324 0.296675
44 404.871 0.296675 420.324 0.296675
45 405.469 0.296675 420.324 0.296675
46 406.062 0.296675 420.324 0.296675
47 407.247 0.296675 420.324 0.296675
48 407.842 0.296675 420.324 0.296675
49 408.736 0.296675 420.324 0.296675
50 409.035 0.296675 420.324 0.296675
51 409.629 0.296675 420.324 0.296675
52 410.525 0.296675 420.324 0.296675
53 411.114 0.296675 420.324 0.296675
54 411.409 0.296675 420.324 0.296675
55 412.003 0.296675 420.324 0.296675
56 412.892 0.296675 420.324 0.296675
57 413.484 0.296675 420.324 0.296675
58 413.485 0.296675 420.324 0.296675
59 414.078 0.296675 420.324 0.296675
60 414.968 0.296675 420.324 0.296675
61 414.968 0.296675 420.324 0.296675
62 414.968 0.296675 420.324 0.296675
63 415.559 0.296675 420.324 0.296675
64 415.559 0.296675 420.324 0.296675
65 415.857 0.296675 420.324 0.296675
66 416.153 0.296675 420.324 0.296675
67 416.153 0.296675 420.324 0.296675
68 416.454 0.296675 420.324 0.296675
69 416.454 0.296675 420.324 0.296675
70 416.454 0.296675 420.324 0.296675
71 416.454 0.296675 420.324 0.296675
72 416.751 0.296675 420.324 0.296675
73 416.751 0.296675 420.324 0.296675
74 416.751 0.296675 420.324 0.296675
75 417.05 0.296675 420.324 0.296675
76 417.347 0.296675 420.324 0.296675
77 417.935 0.296675 420.324 0.296675
78 418.235 0.296675 420.324 0.296675
79 418.235 0.296675 420.324 0.296675
80 418.532 0.296675 420.324 0.296675
81 418.827 0.296675 420.324 0.296675
82 418.827 0.296675 420.324 0.296675
83 418.827 0.296675 420.324 0.296675
84 418.827 0.296675 420.324 0.296675
85 418.827 0.296675 420.324 0.296675
86 418.827 0.296675 420.324 0.296675
87 418.827 0.296675 420.324 0.296675
88 418.827 0.296675 420.324 0.296675
89 418.827 0.296675 420.324 0.296675
90 418.827 0.296675 420.324 0.296675
91 418.827 0.296675 420.324 0.296675
92 418.827 0.296675 420.324 0.296675
93 418.827 0.296675 420.324 0.296675
94 418.827 0.296675 420.324 0.296675
95 418.827 0.296675 420.324 0.296675
96 418.827 0.296675 420.324 0.296675
97 418.827 0.296675 420.324 0.296675
98 418.827 0.296675 420.324 0.296675
99 419.126 0.296675 420.324 0.296675
