0 2099.46 851.633 2099.46 851.633
1 2099.46 851.633 2099.46 851.633
2 2099.46 851.633 2099.46 851.633
3 2099.46 851.633 2099.46 851.633
4 2099.46 851.633 2099.46 851.633
5 2099.46 851.633 2099.46 851.633
6 2099.46 851.633 2099.46 851.633
7 2099.46 851.633 2099.46 851.633
8 2099.46 851.633 2099.46 851.633
9 2099.46 851.633 2099.46 851.633
10 2099.46 851.633 2099.46 851.633
11 2095 850.449 2099.46 851.633
12 2086.97 847.174 2099.46 851.633
13 2067.03 841.518 2099.46 851.633
14 2037.59 831.427 2099.46 851.633
15 1990 818.371 2099.46 851.633
16 1919.55 792.179 2099.46 851.633
17 1818.49 755.265 2099.46 851.633
18 1709.94 715.735 2099.46 851.633
19 1577.39 667.29 2099.46 851.633
20 1439.77 613.185 2099.46 851.633
21 1298.23 557.926 2099.46 851.633
22 1174.29 505.358 2099.46 851.633
23 1055.36 453.635 2099.46 851.633
24 927.873 399.284 2099.46 851.633
25 813.415 351.407 2099.46 851.633
26 715.561 307.399 2099.46 851.633
27 621.635 268.178 2099.46 851.633
28 538.975 234.856 2099.46 851.633
29 478.024 200.346 2099.46 851.633
30 423.911 171.227 2099.46 851.633
31 367.112 145.653 2099.46 851.633
32 313.282 126.024 2099.46 851.633
33 274.953 109.66 2099.46 851.633
34 240.749 97.1899 2099.46 851.633
35 213.417 83.5152 2099.46 851.633
36 185.767 73.6889 2099.46 851.633
37 165.271 67.7426 2099.46 851.633
38 147.755 61.1953 2099.46 851.633
39 133.21 55.2493 2099.46 851.633
40 124.002 48.7101 2099.46 851.633
41 112.107 42.7565 2099.46 851.633
42 96.3545 38.3073 2099.46 851.633
43 86.5395 33.5608 2099.46 851.633
44 78.1905 31.7789 2099.46 851.633
45 72.5397 26.7346 2099.46 851.633
46 67.7862 24.0528 2099.46 851.633
47 63.0302 21.9707 2099.46 851.633
48 60.6529 18.1129 2099.46 851.633
49 55.0006 17.8169 2099.46 851.633
50 50.8357 16.9247 2099.46 851.633
51 49.3534 15.4397 2099.46 851.633
52 46.3788 15.1458 2099.46 851.633
53 44.0071 13.6669 2099.46 851.633
54 41.9242 12.7768 2099.46 851.633
55 39.5489 10.999 2099.46 851.633
56 36.577 10.402 2099.46 851.633
57 34.1993 9.80559 2099.46 851.633
58 32.4164 9.80559 2099.46 851.633
59 30.6382 8.61433 2099.46 851.633
60 28.2523 8.01712 2099.46 851.633
61 27.3635 7.72082 2099.46 851.633
62 25.869 6.83214 2099.46 851.633
63 23.4922 6.53224 2099.46 851.633
64 23.1972 6.53224 2099.46 851.633
65 21.7101 6.2349 2099.46 851.633
66 20.5202 6.5344 2099.46 851.633
67 19.328 6.24105 2099.46 851.633
68 18.1408 5.94458 2099.46 851.633
69 17.5434 4.75471 2099.46 851.633
70 16.9493 4.45732 2099.46 851.633
71 16.6513 4.45732 2099.46 851.633
72 15.7599 4.1581 2099.46 851.633
73 15.7599 4.1581 2099.46 851.633
74 15.1635 3.56086 2099.46 851.633
75 14.5682 3.56086 2099.46 851.633
76 14.2713 3.26751 2099.46 851.633
77 13.6829 3.26751 2099.46 851.633
78 12.7863 2.97013 2099.46 851.633
79 12.7863 2.67117 2099.46 851.633
80 12.1918 2.67117 2099.46 851.633
81 11.6004 2.67117 2099.46 851.633
82 11.6004 2.3728 2099.46 851.633
83 11.6004 2.3728 2099.46 851.633
84 11.3007 2.3728 2099.46 851.633
85 10.4131 2.07596 2099.46 851.633
86 9.51858 2.07596 2099.46 851.633
87 9.21937 2.07596 2099.46 851.633
88 8.9206 2.07596 2099.46 851.633
89 8.32713 2.07596 2099.46 851.633
90 8.32713 1.77871 2099.46 851.633
91 7.73403 1.48203 2099.46 851.633
92 7.43837 1.48203 2099.46 851.633
93 6.84456 1.48203 2099.46 851.633
94 6.84456 1.18569 2099.46 851.633
95 6.84456 1.18569 2099.46 851.633
96 6.54774 1.18569 2099.46 851.633
97 6.25106 1.18569 2099.46 851.633
98 6.25106 1.18569 2099.46 851.633
99 5.95227 1.18569 2099.46 851.633
