0 0 0 797.875 447.198
1 0 0 797.875 447.198
2 0 0 797.875 447.198
3 0 0 797.875 447.198
4 0 0 797.875 447.198
5 0 0 797.875 447.198
6 0 0 797.875 447.198
7 0 0 797.875 447.198
8 0 0 797.875 447.198
9 0 0 797.875 447.198
10 0 0 797.875 447.198
11 1.26958 0.421439 797.875 447.198
12 3.79334 1.26686 797.875 447.198
13 7.17111 4.42376 797.875 447.198
14 13.2917 5.89555 797.875 447.198
15 24.4383 12.4353 797.875 447.198
16 37.5102 18.3469 797.875 447.198
17 57.0958 27.6061 797.875 447.198
18 83.025 40.6667 797.875 447.198
19 115.901 57.7187 797.875 447.198
20 149.444 81.3004 797.875 447.198
21 193.286 105.963 797.875 447.198
22 245.993 132.526 797.875 447.198
23 306.659 166.399 797.875 447.198
24 366.276 205.158 797.875 447.198
25 429.289 240.129 797.875 447.198
26 487.885 267.939 797.875 447.198
27 529.405 293.656 797.875 447.198
28 569.665 317.258 797.875 447.198
29 604.843 337.265 797.875 447.198
30 629.903 350.956 797.875 447.198
31 655.194 364.438 797.875 447.198
32 676.903 375.59 797.875 447.198
33 694.389 385.262 797.875 447.198
34 707.248 393.492 797.875 447.198
35 718.437 400.66 797.875 447.198
36 727.279 406.351 797.875 447.198
37 736.782 409.931 797.875 447.198
38 742.695 414.15 797.875 447.198
39 747.747 416.878 797.875 447.198
40 752.378 421.091 797.875 447.198
41 759.329 424.035 797.875 447.198
42 762.491 425.929 797.875 447.198
43 766.495 428.035 797.875 447.198
44 767.969 429.928 797.875 447.198
45 770.08 430.982 797.875 447.198
46 771.978 432.033 797.875 447.198
47 774.292 432.66 797.875 447.198
48 775.555 433.712 797.875 447.198
49 777.662 434.554 797.875 447.198
50 779.554 435.394 797.875 447.198
51 781.025 436.45 797.875 447.198
52 782.076 436.872 797.875 447.198
53 782.288 438.138 797.875 447.198
54 783.341 438.56 797.875 447.198
55 784.609 439.194 797.875 447.198
56 785.029 439.825 797.875 447.198
57 785.242 440.037 797.875 447.198
58 786.291 440.67 797.875 447.198
59 787.336 440.67 797.875 447.198
60 787.336 440.88 797.875 447.198
61 787.758 441.298 797.875 447.198
62 787.973 441.93 797.875 447.198
63 788.398 442.349 797.875 447.198
64 788.821 442.349 797.875 447.198
65 789.244 442.562 797.875 447.198
66 789.664 442.351 797.875 447.198
67 789.874 442.771 797.875 447.198
68 790.294 442.981 797.875 447.198
69 790.712 443.406 797.875 447.198
70 790.924 443.616 797.875 447.198
71 791.134 443.823 797.875 447.198
72 791.556 443.823 797.875 447.198
73 791.766 444.247 797.875 447.198
74 791.978 444.247 797.875 447.198
75 792.401 444.247 797.875 447.198
76 792.401 444.877 797.875 447.198
77 792.611 444.877 797.875 447.198
78 792.82 445.088 797.875 447.198
79 792.82 445.299 797.875 447.198
80 792.82 445.299 797.875 447.198
81 793.452 445.299 797.875 447.198
82 793.66 445.299 797.875 447.198
83 793.87 445.51 797.875 447.198
84 794.08 445.722 797.875 447.198
85 794.08 445.722 797.875 447.198
86 794.08 445.722 797.875 447.198
87 794.08 446.144 797.875 447.198
88 794.29 446.144 797.875 447.198
89 794.29 446.144 797.875 447.198
90 794.499 446.566 797.875 447.198
91 794.499 446.566 797.875 447.198
92 794.71 446.566 797.875 447.198
93 794.71 446.779 797.875 447.198
94 794.71 446.779 797.875 447.198
95 794.71 446.779 797.875 447.198
96 794.71 446.779 797.875 447.198
97 794.71 446.779 797.875 447.198
98 794.92 446.779 797.875 447.198
99 794.92 446.779 797.875 447.198
