0 129.099 0 129.099 0
1 129.099 0 129.099 0
2 129.099 0 129.099 0
3 129.099 0 129.099 0
4 129.099 0 129.099 0
5 129.099 0 129.099 0
6 129.099 0 129.099 0
7 129.099 0 129.099 0
8 129.099 0 129.099 0
9 129.099 0 129.099 0
10 129.099 0 129.099 0
11 128.888 0 129.099 0
12 128.888 0 129.099 0
13 128.888 0 129.099 0
14 128.888 0 129.099 0
15 128.678 0 129.099 0
16 128.047 0 129.099 0
17 127.201 0 129.099 0
18 127.201 0 129.099 0
19 126.571 0 129.099 0
20 125.516 0 129.099 0
21 124.041 0 129.099 0
22 122.988 0 129.099 0
23 120.68 0 129.099 0
24 117.948 0 129.099 0
25 114.787 0 129.099 0
26 113.103 0 129.099 0
27 110.153 0 129.099 0
28 107.414 0 129.099 0
29 103.205 0 129.099 0
30 98.1558 0 129.099 0
31 92.8966 0 129.099 0
32 87.6214 0 129.099 0
33 82.142 0 129.099 0
34 75.1863 0 129.099 0
35 69.2885 0 129.099 0
36 63.3923 0 129.099 0
37 54.3408 0 129.099 0
38 48.8595 0 129.099 0
39 39.1719 0 129.099 0
40 33.2787 0 129.099 0
41 28.2294 0 129.099 0
42 23.1716 0 129.099 0
43 18.7587 0 129.099 0
44 17.0688 0 129.099 0
45 14.9619 0 129.099 0
46 11.3829 0 129.099 0
47 9.69797 0 129.099 0
48 8.64362 0 129.099 0
49 7.79953 0 129.099 0
50 6.9557 0 129.099 0
51 5.90023 0 129.099 0
52 5.47848 0 129.099 0
53 4.84878 0 129.099 0
54 4.42656 0 129.099 0
55 3.7952 0 129.099 0
56 3.7952 0 129.099 0
57 3.16382 0 129.099 0
58 2.53223 0 129.099 0
59 2.53102 0 129.099 0
60 2.53102 0 129.099 0
61 2.53102 0 129.099 0
62 2.32103 0 129.099 0
63 2.32103 0 129.099 0
64 1.89905 0 129.099 0
65 1.9007 0 129.099 0
66 1.9007 0 129.099 0
67 1.9007 0 129.099 0
68 1.477 0 129.099 0
69 1.26513 0 129.099 0
70 1.05267 0 129.099 0
71 1.05267 0 129.099 0
72 1.05267 0 129.099 0
73 1.05267 0 129.099 0
74 1.05267 0 129.099 0
75 1.05267 0 129.099 0
76 1.05267 0 129.099 0
77 1.05267 0 129.099 0
78 0.841845 0 129.099 0
79 0.841845 0 129.099 0
80 0.841845 0 129.099 0
81 0.841845 0 129.099 0
82 0.841845 0 129.099 0
83 0.841845 0 129.099 0
84 0.632048 0 129.099 0
85 0.632048 0 129.099 0
86 0.632048 0 129.099 0
87 0.632048 0 129.099 0
88 0.632048 0 129.099 0
89 0.632048 0 129.099 0
90 0.632048 0 129.099 0
91 0.632048 0 129.099 0
92 0.422558 0 129.099 0
93 0.212027 0 129.099 0
94 0 0 129.099 0
95 0 0 129.099 0
96 0 0 129.099 0
97 0 0 129.099 0
98 0 0 129.099 0
99 0 0 129.099 0
