0 1214.6 462.121 1214.6 462.121
1 1214.6 462.121 1214.6 462.121
2 1214.6 462.121 1214.6 462.121
3 1214.6 462.121 1214.6 462.121
4 1214.6 462.121 1214.6 462.121
5 1214.6 462.121 1214.6 462.121
6 1214.6 462.121 1214.6 462.121
7 1214.6 462.121 1214.6 462.121
8 1214.6 462.121 1214.6 462.121
9 1214.6 462.121 1214.6 462.121
10 1214.6 462.121 1214.6 462.121
11 1213.13 461.702 1214.6 462.121
12 1211.86 461.492 1214.6 462.121
13 1210.18 461.284 1214.6 462.121
14 1208.28 460.654 1214.6 462.121
15 1206.59 458.966 1214.6 462.121
16 1202.38 457.494 1214.6 462.121
17 1196.48 457.496 1214.6 462.121
18 1190.58 455.181 1214.6 462.121
19 1180.69 452.235 1214.6 462.121
20 1168.68 447.395 1214.6 462.121
21 1156.03 444.658 1214.6 462.121
22 1140.88 438.341 1214.6 462.121
23 1125.1 431.806 1214.6 462.121
24 1105.33 422.11 1214.6 462.121
25 1077.93 412.837 1214.6 462.121
26 1051.41 405.042 1214.6 462.121
27 1022.77 394.734 1214.6 462.121
28 993.26 379.775 1214.6 462.121
29 961.258 366.084 1214.6 462.121
30 918.304 347.977 1214.6 462.121
31 868.804 331.127 1214.6 462.121
32 818.245 311.956 1214.6 462.121
33 771.902 283.949 1214.6 462.121
34 702.381 261.23 1214.6 462.121
35 642.981 235.335 1214.6 462.121
36 574.334 210.902 1214.6 462.121
37 508.861 187.313 1214.6 462.121
38 435.12 159.095 1214.6 462.121
39 365.221 136.523 1214.6 462.121
40 311.08 116.512 1214.6 462.121
41 256.737 99.6675 1214.6 462.121
42 217.992 84.0787 1214.6 462.121
43 184.092 74.3891 1214.6 462.121
44 161.121 63.4413 1214.6 462.121
45 141.09 55.6327 1214.6 462.121
46 122.134 49.5228 1214.6 462.121
47 106.557 44.2549 1214.6 462.121
48 93.5063 39.2064 1214.6 462.121
49 85.3038 34.5659 1214.6 462.121
50 77.0919 30.9815 1214.6 462.121
51 68.6534 27.6091 1214.6 462.121
52 62.5496 25.5104 1214.6 462.121
53 56.6584 23.6083 1214.6 462.121
54 52.0256 21.5024 1214.6 462.121
55 46.7537 19.6044 1214.6 462.121
56 43.6008 17.7095 1214.6 462.121
57 40.0257 16.0205 1214.6 462.121
58 36.4426 14.966 1214.6 462.121
59 34.3346 13.4952 1214.6 462.121
60 33.0688 12.6496 1214.6 462.121
61 30.1165 11.8095 1214.6 462.121
62 27.8012 10.7553 1214.6 462.121
63 24.0092 10.3305 1214.6 462.121
64 22.5331 9.69622 1214.6 462.121
65 21.2721 9.06432 1214.6 462.121
66 20.8517 8.85255 1214.6 462.121
67 19.7955 8.2182 1214.6 462.121
68 18.5306 7.3789 1214.6 462.121
69 16.8403 7.16838 1214.6 462.121
70 15.783 6.95659 1214.6 462.121
71 15.5726 6.74536 1214.6 462.121
72 15.3611 5.69083 1214.6 462.121
73 14.9407 5.27054 1214.6 462.121
74 14.3091 5.06204 1214.6 462.121
75 14.098 4.8517 1214.6 462.121
76 13.4694 4.64126 1214.6 462.121
77 12.6281 4.42904 1214.6 462.121
78 12.2069 4.42904 1214.6 462.121
79 11.1559 4.22075 1214.6 462.121
80 10.3131 3.58684 1214.6 462.121
81 9.2606 3.37438 1214.6 462.121
82 8.42035 3.16474 1214.6 462.121
83 7.58002 2.95304 1214.6 462.121
84 7.37023 2.95304 1214.6 462.121
85 7.37023 2.74271 1214.6 462.121
86 7.16074 2.74271 1214.6 462.121
87 7.16074 2.74271 1214.6 462.121
88 6.73972 2.5323 1214.6 462.121
89 6.73972 2.3194 1214.6 462.121
90 6.52952 2.10877 1214.6 462.121
91 6.10716 2.10877 1214.6 462.121
92 5.68785 2.10877 1214.6 462.121
93 5.0551 2.10877 1214.6 462.121
94 4.21176 2.10877 1214.6 462.121
95 4.21176 2.10877 1214.6 462.121
96 3.99883 1.89755 1214.6 462.121
97 3.57775 1.26771 1214.6 462.121
98 3.36575 1.26771 1214.6 462.121
99 3.15431 1.26771 1214.6 462.121
