0 407.389 238.737 407.389 238.737
1 407.389 238.737 407.389 238.737
2 407.389 238.737 407.389 238.737
3 407.389 238.737 407.389 238.737
4 407.389 238.737 407.389 238.737
5 407.389 238.737 407.389 238.737
6 407.389 238.737 407.389 238.737
7 407.389 238.737 407.389 238.737
8 407.389 238.737 407.389 238.737
9 407.389 238.737 407.389 238.737
10 407.389 238.737 407.389 238.737
11 406.584 238.737 407.389 238.737
12 405.376 238.336 407.389 238.737
13 404.575 238.137 407.389 238.737
14 401.766 237.733 407.389 238.737
15 399.626 237.134 407.389 238.737
16 397.816 235.319 407.389 238.737
17 394.403 235.12 407.389 238.737
18 390.59 232.71 407.389 238.737
19 386.167 229.091 407.389 238.737
20 382.357 227.485 407.389 238.737
21 377.419 223.673 407.389 238.737
22 370.189 218.644 407.389 238.737
23 363.158 213.418 407.389 238.737
24 353.923 206.994 407.389 238.737
25 344.3 201.975 407.389 238.737
26 334.056 195.166 407.389 238.737
27 321.61 187.735 407.389 238.737
28 306.396 180.108 407.389 238.737
29 289.146 169.055 407.389 238.737
30 275.488 161.026 407.389 238.737
31 256.223 151.679 407.389 238.737
32 234.922 141.23 407.389 238.737
33 214.507 131.4 407.389 238.737
34 194.383 118.347 407.389 238.737
35 176.903 104.583 407.389 238.737
36 154.028 92.9532 407.389 238.737
37 132.54 78.9552 407.389 238.737
38 112.478 65.1172 407.389 238.737
39 96.8028 55.0754 407.389 238.737
40 80.1997 48.4327 407.389 238.737
41 67.1638 43.2102 407.389 238.737
42 58.1451 37.3862 407.389 238.737
43 51.1148 34.1749 407.389 238.737
44 44.2815 30.0235 407.389 238.737
45 40.0662 26.462 407.389 238.737
46 35.8514 24.4536 407.389 238.737
47 30.2782 22.8452 407.389 238.737
48 28.4784 20.6274 407.389 238.737
49 26.269 18.6223 407.389 238.737
50 23.8786 17.2186 407.389 238.737
51 22.6784 15.614 407.389 238.737
52 20.4717 15.0138 407.389 238.737
53 19.4672 14.0051 407.389 238.737
54 18.0593 12.802 407.389 238.737
55 16.4511 11.644 407.389 238.737
56 15.4477 10.6461 407.389 238.737
57 13.8408 10.0457 407.389 238.737
58 12.8391 8.84571 407.389 238.737
59 12.6372 8.24202 407.389 238.737
60 11.4328 8.04182 407.389 238.737
61 10.6306 7.63823 407.389 238.737
62 10.03 7.03601 407.389 238.737
63 9.4285 6.03341 407.389 238.737
64 9.02743 5.02752 407.389 238.737
65 8.82775 4.42707 407.389 238.737
66 8.42962 4.42707 407.389 238.737
67 8.02868 3.82329 407.389 238.737
68 6.82382 3.42053 407.389 238.737
69 6.82382 3.22035 407.389 238.737
70 6.42419 3.22035 407.389 238.737
71 5.61799 3.22035 407.389 238.737
72 5.41739 3.22035 407.389 238.737
73 5.01523 3.22035 407.389 238.737
74 5.01523 3.22035 407.389 238.737
75 4.81679 3.01883 407.389 238.737
76 4.61657 3.01883 407.389 238.737
77 4.21338 3.01883 407.389 238.737
78 4.21338 3.01883 407.389 238.737
79 4.01212 2.81722 407.389 238.737
80 3.81163 2.81722 407.389 238.737
81 3.6098 2.61655 407.389 238.737
82 3.40837 2.61655 407.389 238.737
83 3.40837 2.41523 407.389 238.737
84 3.40837 1.81019 407.389 238.737
85 3.40837 1.81019 407.389 238.737
86 3.40837 1.60802 407.389 238.737
87 2.80867 1.60802 407.389 238.737
88 2.60789 1.00647 407.389 238.737
89 2.60789 0.804868 407.389 238.737
90 2.00205 0.804868 407.389 238.737
91 2.00205 0.804868 407.389 238.737
92 2.00205 0.804868 407.389 238.737
93 1.80291 0.604356 407.389 238.737
94 1.80291 0.604356 407.389 238.737
95 1.60378 0.604356 407.389 238.737
96 1.60378 0.604356 407.389 238.737
97 1.60378 0.604356 407.389 238.737
98 1.60378 0.604356 407.389 238.737
99 1.60378 0.604356 407.389 238.737
