0 125.783 0 125.783 0
1 125.783 0 125.783 0
2 125.783 0 125.783 0
3 125.783 0 125.783 0
4 125.783 0 125.783 0
5 125.783 0 125.783 0
6 125.783 0 125.783 0
7 125.783 0 125.783 0
8 125.783 0 125.783 0
9 125.783 0 125.783 0
10 125.783 0 125.783 0
11 125.783 0 125.783 0
12 125.782 0 125.783 0
13 125.569 0 125.783 0
14 125.569 0 125.783 0
15 125.356 0 125.783 0
16 124.928 0 125.783 0
17 123.86 0 125.783 0
18 122.361 0 125.783 0
19 121.722 0 125.783 0
20 121.081 0 125.783 0
21 119.157 0 125.783 0
22 118.3 0 125.783 0
23 116.804 0 125.783 0
24 115.095 0 125.783 0
25 111.886 0 125.783 0
26 110.178 0 125.783 0
27 106.969 0 125.783 0
28 104.833 0 125.783 0
29 101.414 0 125.783 0
30 99.0659 0 125.783 0
31 94.7914 0 125.783 0
32 92.2344 0 125.783 0
33 87.3304 0 125.783 0
34 82.2085 0 125.783 0
35 74.3034 0 125.783 0
36 64.4767 0 125.783 0
37 57.6392 0 125.783 0
38 49.7417 0 125.783 0
39 41.8426 0 125.783 0
40 35.8583 0 125.783 0
41 29.2382 0 125.783 0
42 25.181 0 125.783 0
43 21.1226 0 125.783 0
44 17.0668 0 125.783 0
45 13.6547 0 125.783 0
46 11.5258 0 125.783 0
47 10.8848 0 125.783 0
48 10.2481 0 125.783 0
49 8.74812 0 125.783 0
50 7.89507 0 125.783 0
51 7.46765 0 125.783 0
52 6.18642 0 125.783 0
53 5.54469 0 125.783 0
54 4.69381 0 125.783 0
55 4.26503 0 125.783 0
56 4.26503 0 125.783 0
57 4.26503 0 125.783 0
58 4.26672 0 125.783 0
59 3.84177 0 125.783 0
60 3.62651 0 125.783 0
61 3.41341 0 125.783 0
62 3.19975 0 125.783 0
63 3.41431 0 125.783 0
64 3.20027 0 125.783 0
65 2.98715 0 125.783 0
66 2.56055 0 125.783 0
67 2.56055 0 125.783 0
68 2.34666 0 125.783 0
69 2.34666 0 125.783 0
70 1.91872 0 125.783 0
71 1.70537 0 125.783 0
72 1.70537 0 125.783 0
73 1.48993 0 125.783 0
74 1.27611 0 125.783 0
75 1.06332 0 125.783 0
76 1.06332 0 125.783 0
77 0.849786 0 125.783 0
78 0.849786 0 125.783 0
79 0.849786 0 125.783 0
80 0.849786 0 125.783 0
81 0.637697 0 125.783 0
82 0.425475 0 125.783 0
83 0.425475 0 125.783 0
84 0.425475 0 125.783 0
85 0.425475 0 125.783 0
86 0.425475 0 125.783 0
87 0.425475 0 125.783 0
88 0.425475 0 125.783 0
89 0.425475 0 125.783 0
90 0.425475 0 125.783 0
91 0.425475 0 125.783 0
92 0.425475 0 125.783 0
93 0.212417 0 125.783 0
94 0 0 125.783 0
95 0 0 125.783 0
96 0 0 125.783 0
97 0 0 125.783 0
98 0 0 125.783 0
99 0 0 125.783 0
