0 1198.6 454.977 1198.6 454.977
1 1198.6 454.977 1198.6 454.977
2 1198.6 454.977 1198.6 454.977
3 1198.6 454.977 1198.6 454.977
4 1198.6 454.977 1198.6 454.977
5 1198.6 454.977 1198.6 454.977
6 1198.6 454.977 1198.6 454.977
7 1198.6 454.977 1198.6 454.977
8 1198.6 454.977 1198.6 454.977
9 1198.6 454.977 1198.6 454.977
10 1198.6 454.977 1198.6 454.977
11 1197.96 455.189 1198.6 454.977
12 1196.46 454.548 1198.6 454.977
13 1194.12 454.12 1198.6 454.977
14 1191.55 452.624 1198.6 454.977
15 1189.42 451.983 1198.6 454.977
16 1184.5 449.852 1198.6 454.977
17 1179.17 447.076 1198.6 454.977
18 1170.6 444.938 1198.6 454.977
19 1162.7 441.726 1198.6 454.977
20 1152.44 438.091 1198.6 454.977
21 1140.27 434.885 1198.6 454.977
22 1123.82 430.611 1198.6 454.977
23 1107.39 423.767 1198.6 454.977
24 1089.43 414.163 1198.6 454.977
25 1066.6 406.474 1198.6 454.977
26 1040.74 398.142 1198.6 454.977
27 1010 387.67 1198.6 454.977
28 980.52 377.624 1198.6 454.977
29 942.306 363.331 1198.6 454.977
30 905.987 346.893 1198.6 454.977
31 857.704 328.534 1198.6 454.977
32 811.567 310.164 1198.6 454.977
33 757.53 292.005 1198.6 454.977
34 709.892 270.207 1198.6 454.977
35 647.285 247.341 1198.6 454.977
36 583.88 228.327 1198.6 454.977
37 515.07 201.205 1198.6 454.977
38 449.302 178.528 1198.6 454.977
39 384.814 146.281 1198.6 454.977
40 324.159 124.08 1198.6 454.977
41 274.656 103.591 1198.6 454.977
42 226.79 88.4316 1198.6 454.977
43 191.985 77.5306 1198.6 454.977
44 162.083 64.5081 1198.6 454.977
45 134.976 57.2379 1198.6 454.977
46 115.976 50.4089 1198.6 454.977
47 101.232 45.0707 1198.6 454.977
48 91.1849 39.745 1198.6 454.977
49 80.2927 34.6151 1198.6 454.977
50 73.6654 29.9263 1198.6 454.977
51 65.3372 26.2973 1198.6 454.977
52 57.8559 24.3771 1198.6 454.977
53 51.455 21.173 1198.6 454.977
54 46.5491 18.1808 1198.6 454.977
55 41.8491 16.4667 1198.6 454.977
56 38.8582 13.6841 1198.6 454.977
57 35.221 12.4027 1198.6 454.977
58 32.8609 11.3378 1198.6 454.977
59 30.9453 10.2735 1198.6 454.977
60 29.6616 9.41323 1198.6 454.977
61 28.3824 8.98346 1198.6 454.977
62 25.3934 8.13031 1198.6 454.977
63 22.8381 7.06139 1198.6 454.977
64 21.3368 6.63338 1198.6 454.977
65 19.8423 5.99188 1198.6 454.977
66 18.9927 5.77826 1198.6 454.977
67 17.7061 5.77826 1198.6 454.977
68 16.6403 4.92335 1198.6 454.977
69 16.2134 4.49375 1198.6 454.977
70 14.7196 4.0652 1198.6 454.977
71 13.6499 3.63795 1198.6 454.977
72 13.2242 2.9978 1198.6 454.977
73 12.3693 2.78579 1198.6 454.977
74 11.7268 2.99788 1198.6 454.977
75 11.0872 2.99788 1198.6 454.977
76 10.4492 2.99788 1198.6 454.977
77 9.5974 2.35176 1198.6 454.977
78 8.95761 2.35176 1198.6 454.977
79 8.31924 2.35176 1198.6 454.977
80 7.68057 2.35176 1198.6 454.977
81 7.25591 2.13806 1198.6 454.977
82 6.82976 2.13806 1198.6 454.977
83 6.61551 1.92523 1198.6 454.977
84 6.19058 1.7127 1198.6 454.977
85 5.76461 1.7127 1198.6 454.977
86 5.33799 1.49802 1198.6 454.977
87 5.33799 1.07282 1198.6 454.977
88 5.33739 1.07282 1198.6 454.977
89 4.91062 1.28555 1198.6 454.977
90 4.48541 1.28555 1198.6 454.977
91 4.48541 1.28555 1198.6 454.977
92 4.48541 1.28555 1198.6 454.977
93 4.27235 1.28555 1198.6 454.977
94 3.84682 1.28555 1198.6 454.977
95 3.84682 1.28555 1198.6 454.977
96 3.6317 1.28555 1198.6 454.977
97 3.41777 1.28555 1198.6 454.977
98 2.99145 1.28555 1198.6 454.977
99 2.77891 1.28555 1198.6 454.977
