0 574.61 340.832 574.61 340.832
1 574.61 340.832 574.61 340.832
2 574.61 340.832 574.61 340.832
3 574.61 340.832 574.61 340.832
4 574.61 340.832 574.61 340.832
5 574.61 340.832 574.61 340.832
6 574.61 340.832 574.61 340.832
7 574.61 340.832 574.61 340.832
8 574.61 340.832 574.61 340.832
9 574.61 340.832 574.61 340.832
10 574.61 340.832 574.61 340.832
11 572.833 339.938 574.61 340.832
12 571.057 339.494 574.61 340.832
13 566.84 336.389 574.61 340.832
14 562.187 335.277 574.61 340.832
15 557.069 333.495 574.61 340.832
16 551.078 329.718 574.61 340.832
17 541.557 321.279 574.61 340.832
18 530.228 312.842 574.61 340.832
19 518.015 303.28 574.61 340.832
20 504.254 296.411 574.61 340.832
21 483.182 284.854 574.61 340.832
22 460.301 270.873 574.61 340.832
23 438.103 259.126 574.61 340.832
24 411.001 242.238 574.61 340.832
25 378.613 221.816 574.61 340.832
26 351.723 200.946 574.61 340.832
27 319.102 181.403 574.61 340.832
28 278.458 161.185 574.61 340.832
29 237.583 142.297 574.61 340.832
30 200.505 118.547 574.61 340.832
31 170.279 98.7853 574.61 340.832
32 140.323 82.3569 574.61 340.832
33 119.221 72.8014 574.61 340.832
34 101.004 61.0433 574.61 340.832
35 86.7942 52.3788 574.61 340.832
36 79.2663 47.0577 574.61 340.832
37 68.6175 40.614 574.61 340.832
38 62.6242 35.7377 574.61 340.832
39 55.5219 32.1921 574.61 340.832
40 49.7467 29.0789 574.61 340.832
41 46.6355 26.6344 574.61 340.832
42 41.5286 23.9722 574.61 340.832
43 37.9724 22.2002 574.61 340.832
44 34.2039 19.9836 574.61 340.832
45 31.0953 18.6462 574.61 340.832
46 28.4268 16.8738 574.61 340.832
47 25.9861 15.3197 574.61 340.832
48 23.3257 14.877 574.61 340.832
49 20.8818 13.9947 574.61 340.832
50 18.2141 12.2124 574.61 340.832
51 17.0997 10.6584 574.61 340.832
52 15.1052 9.99218 574.61 340.832
53 13.774 9.76818 574.61 340.832
54 12.8821 8.87589 574.61 340.832
55 11.7732 8.65317 574.61 340.832
56 11.7732 7.99143 574.61 340.832
57 11.3309 7.32518 574.61 340.832
58 10.8869 7.32597 574.61 340.832
59 10.0016 6.6592 574.61 340.832
60 9.33427 6.65735 574.61 340.832
61 8.88909 5.98964 574.61 340.832
62 8.4439 5.76782 574.61 340.832
63 8.4439 5.54558 574.61 340.832
64 7.77812 4.87826 574.61 340.832
65 7.55574 4.87826 574.61 340.832
66 7.33319 4.65645 574.61 340.832
67 7.11078 4.43377 574.61 340.832
68 6.6684 3.98804 574.61 340.832
69 6.22666 3.98804 574.61 340.832
70 5.78113 3.98804 574.61 340.832
71 5.78113 3.32037 574.61 340.832
72 5.11482 3.32037 574.61 340.832
73 5.11482 3.32037 574.61 340.832
74 4.89381 3.32037 574.61 340.832
75 4.44736 2.65019 574.61 340.832
76 4.44736 2.42915 574.61 340.832
77 4.44736 2.42915 574.61 340.832
78 4.22177 2.42915 574.61 340.832
79 3.99801 2.42915 574.61 340.832
80 3.77565 2.20647 574.61 340.832
81 3.55393 2.20647 574.61 340.832
82 3.33363 2.20647 574.61 340.832
83 3.33363 2.20647 574.61 340.832
84 3.11204 2.20647 574.61 340.832
85 2.88677 2.20647 574.61 340.832
86 2.88677 1.98634 574.61 340.832
87 2.88677 1.98634 574.61 340.832
88 2.88677 1.98634 574.61 340.832
89 2.88677 1.76621 574.61 340.832
90 2.6644 1.76621 574.61 340.832
91 2.21873 1.76621 574.61 340.832
92 2.21873 1.76621 574.61 340.832
93 2.21873 1.76621 574.61 340.832
94 2.21873 1.76621 574.61 340.832
95 2.21873 1.76621 574.61 340.832
96 2.21873 1.76621 574.61 340.832
97 1.99526 1.54299 574.61 340.832
98 1.99526 1.54299 574.61 340.832
99 1.99526 1.10309 574.61 340.832
