0 252.718 0 252.718 0
1 252.718 0 252.718 0
2 252.718 0 252.718 0
3 252.718 0 252.718 0
4 252.718 0 252.718 0
5 252.718 0 252.718 0
6 252.718 0 252.718 0
7 252.718 0 252.718 0
8 252.718 0 252.718 0
9 252.718 0 252.718 0
10 252.718 0 252.718 0
11 252.508 0 252.718 0
12 252.298 0 252.718 0
13 251.245 0 252.718 0
14 250.403 0 252.718 0
15 249.986 0 252.718 0
16 248.935 0 252.718 0
17 248.724 0 252.718 0
18 247.462 0 252.718 0
19 246.625 0 252.718 0
20 243.893 0 252.718 0
21 240.318 0 252.718 0
22 237.372 0 252.718 0
23 234.85 0 252.718 0
24 230.443 0 252.718 0
25 226.455 0 252.718 0
26 220.986 0 252.718 0
27 215.728 0 252.718 0
28 207.949 0 252.718 0
29 198.277 0 252.718 0
30 189.455 0 252.718 0
31 176.846 0 252.718 0
32 167.184 0 252.718 0
33 154.145 0 252.718 0
34 143.008 0 252.718 0
35 128.934 0 252.718 0
36 116.127 0 252.718 0
37 102.064 0 252.718 0
38 85.8855 0 252.718 0
39 67.0014 0 252.718 0
40 53.1509 0 252.718 0
41 45.3859 0 252.718 0
42 39.08 0 252.718 0
43 34.6651 0 252.718 0
44 29.4146 0 252.718 0
45 25.4246 0 252.718 0
46 21.0037 0 252.718 0
47 18.269 0 252.718 0
48 16.5922 0 252.718 0
49 14.9124 0 252.718 0
50 13.0238 0 252.718 0
51 11.7613 0 252.718 0
52 11.1285 0 252.718 0
53 10.0818 0 252.718 0
54 9.45175 0 252.718 0
55 9.03299 0 252.718 0
56 7.35021 0 252.718 0
57 6.9293 0 252.718 0
58 6.50915 0 252.718 0
59 6.29979 0 252.718 0
60 5.66962 0 252.718 0
61 5.25071 0 252.718 0
62 4.82813 0 252.718 0
63 4.61833 0 252.718 0
64 4.40955 0 252.718 0
65 3.99079 0 252.718 0
66 3.77887 0 252.718 0
67 3.56844 0 252.718 0
68 3.35925 0 252.718 0
69 2.93831 0 252.718 0
70 2.93831 0 252.718 0
71 2.93831 0 252.718 0
72 2.93831 0 252.718 0
73 2.72772 0 252.718 0
74 2.72772 0 252.718 0
75 2.72772 0 252.718 0
76 2.51683 0 252.718 0
77 2.51683 0 252.718 0
78 2.30683 0 252.718 0
79 2.30683 0 252.718 0
80 2.09787 0 252.718 0
81 1.88899 0 252.718 0
82 1.88899 0 252.718 0
83 1.88899 0 252.718 0
84 1.88899 0 252.718 0
85 1.46774 0 252.718 0
86 1.46774 0 252.718 0
87 1.46774 0 252.718 0
88 1.46774 0 252.718 0
89 1.25825 0 252.718 0
90 1.25825 0 252.718 0
91 1.25825 0 252.718 0
92 1.25825 0 252.718 0
93 1.25825 0 252.718 0
94 1.25825 0 252.718 0
95 1.25825 0 252.718 0
96 1.0484 0 252.718 0
97 1.0484 0 252.718 0
98 1.0484 0 252.718 0
99 1.0484 0 252.718 0
