0 0 0  2099.46 851.633
1 0 0  2099.46 851.633
2 0 0  2099.46 851.633
3 0 0  2099.46 851.633
4 0 0  2099.46 851.633
5 0 0  2099.46 851.633
6 0 0  2099.46 851.633
7 0 0  2099.46 851.633
8 0 0  2099.46 851.633
9 0 0  2099.46 851.633
10 0 0  2099.46 851.633
11 4.45471 1.1838  2099.46 851.633
12 12.4876 4.45889  2099.46 851.633
13 32.4273 10.1151  2099.46 851.633
14 61.866 20.2057  2099.46 851.633
15 109.458 33.2622  2099.46 851.633
16 179.914 59.4541  2099.46 851.633
17 280.972 96.3677  2099.46 851.633
18 389.517 135.898  2099.46 851.633
19 522.074 184.343  2099.46 851.633
20 659.688 238.448  2099.46 851.633
21 801.226 293.707  2099.46 851.633
22 925.174 346.275  2099.46 851.633
23 1044.1 397.998  2099.46 851.633
24 1171.59 452.349  2099.46 851.633
25 1286.05 500.226  2099.46 851.633
26 1383.9 544.234  2099.46 851.633
27 1477.82 583.455  2099.46 851.633
28 1560.48 616.777  2099.46 851.633
29 1621.44 651.287  2099.46 851.633
30 1675.55 680.406  2099.46 851.633
31 1732.35 705.98  2099.46 851.633
32 1786.18 725.609  2099.46 851.633
33 1824.51 741.973  2099.46 851.633
34 1858.71 754.443  2099.46 851.633
35 1886.04 768.118  2099.46 851.633
36 1913.69 777.944  2099.46 851.633
37 1934.19 783.89  2099.46 851.633
38 1951.7 790.438  2099.46 851.633
39 1966.25 796.384  2099.46 851.633
40 1975.46 802.923  2099.46 851.633
41 1987.35 808.876  2099.46 851.633
42 2003.11 813.326  2099.46 851.633
43 2012.92 818.072  2099.46 851.633
44 2021.27 819.854  2099.46 851.633
45 2026.92 824.898  2099.46 851.633
46 2031.67 827.58  2099.46 851.633
47 2036.43 829.662  2099.46 851.633
48 2038.81 833.52  2099.46 851.633
49 2044.46 833.816  2099.46 851.633
50 2048.62 834.708  2099.46 851.633
51 2050.11 836.193  2099.46 851.633
52 2053.08 836.487  2099.46 851.633
53 2055.45 837.966  2099.46 851.633
54 2057.54 838.856  2099.46 851.633
55 2059.91 840.634  2099.46 851.633
56 2062.88 841.231  2099.46 851.633
57 2065.26 841.827  2099.46 851.633
58 2067.04 841.827  2099.46 851.633
59 2068.82 843.019  2099.46 851.633
60 2071.21 843.616  2099.46 851.633
61 2072.1 843.912  2099.46 851.633
62 2073.59 844.801  2099.46 851.633
63 2075.97 845.101  2099.46 851.633
64 2076.26 845.101  2099.46 851.633
65 2077.75 845.398  2099.46 851.633
66 2078.94 845.099  2099.46 851.633
67 2080.13 845.392  2099.46 851.633
68 2081.32 845.688  2099.46 851.633
69 2081.92 846.878  2099.46 851.633
70 2082.51 847.176  2099.46 851.633
71 2082.81 847.176  2099.46 851.633
72 2083.7 847.475  2099.46 851.633
73 2083.7 847.475  2099.46 851.633
74 2084.3 848.072  2099.46 851.633
75 2084.89 848.072  2099.46 851.633
76 2085.19 848.365  2099.46 851.633
77 2085.78 848.365  2099.46 851.633
78 2086.67 848.663  2099.46 851.633
79 2086.67 848.962  2099.46 851.633
80 2087.27 848.962  2099.46 851.633
81 2087.86 848.962  2099.46 851.633
82 2087.86 849.26  2099.46 851.633
83 2087.86 849.26  2099.46 851.633
84 2088.16 849.26  2099.46 851.633
85 2089.05 849.557  2099.46 851.633
86 2089.94 849.557  2099.46 851.633
87 2090.24 849.557  2099.46 851.633
88 2090.54 849.557  2099.46 851.633
89 2091.13 849.557  2099.46 851.633
90 2091.13 849.854  2099.46 851.633
91 2091.73 850.151  2099.46 851.633
92 2092.02 850.151  2099.46 851.633
93 2092.62 850.151  2099.46 851.633
94 2092.62 850.447  2099.46 851.633
95 2092.62 850.447  2099.46 851.633
96 2092.91 850.447  2099.46 851.633
97 2093.21 850.447  2099.46 851.633
98 2093.21 850.447  2099.46 851.633
99 2093.51 850.447  2099.46 851.633
