0 344.287 221.521 344.287 221.521
1 344.287 221.521 344.287 221.521
2 344.287 221.521 344.287 221.521
3 344.287 221.521 344.287 221.521
4 344.287 221.521 344.287 221.521
5 344.287 221.521 344.287 221.521
6 344.287 221.521 344.287 221.521
7 344.287 221.521 344.287 221.521
8 344.287 221.521 344.287 221.521
9 344.287 221.521 344.287 221.521
10 344.287 221.521 344.287 221.521
11 344.073 221.521 344.287 221.521
12 343.218 221.307 344.287 221.521
13 342.366 221.094 344.287 221.521
14 341.722 220.238 344.287 221.521
15 341.081 219.598 344.287 221.521
16 340.44 218.745 344.287 221.521
17 339.159 217.462 344.287 221.521
18 338.093 216.179 344.287 221.521
19 336.164 214.89 344.287 221.521
20 333.17 213.818 344.287 221.521
21 329.973 212.321 344.287 221.521
22 325.063 209.327 344.287 221.521
23 321.224 206.33 344.287 221.521
24 316.516 202.278 344.287 221.521
25 310.758 198.438 344.287 221.521
26 303.059 194.587 344.287 221.521
27 293.881 188.176 344.287 221.521
28 284.06 182.616 344.287 221.521
29 272.318 176.215 344.287 221.521
30 260.555 169.386 344.287 221.521
31 247.956 160.642 344.287 221.521
32 233.65 152.742 344.287 221.521
33 217.623 146.115 344.287 221.521
34 205.019 134.579 344.287 221.521
35 187.492 123.888 344.287 221.521
36 170.408 115.136 344.287 221.521
37 151.174 102.54 344.287 221.521
38 130.885 92.4966 344.287 221.521
39 114.222 75.6265 344.287 221.521
40 97.3536 61.9575 344.287 221.521
41 83.4863 53.6345 344.287 221.521
42 67.8884 44.4473 344.287 221.521
43 57.4238 39.3261 344.287 221.521
44 49.1095 32.2778 344.287 221.521
45 39.7185 29.0708 344.287 221.521
46 33.9579 26.5068 344.287 221.521
47 30.3244 23.3014 344.287 221.521
48 26.4746 21.5923 344.287 221.521
49 23.2777 19.0253 344.287 221.521
50 20.5004 15.6163 344.287 221.521
51 17.0897 13.6986 344.287 221.521
52 15.8022 12.4165 344.287 221.521
53 14.0936 11.5614 344.287 221.521
54 12.8127 10.7019 344.287 221.521
55 11.7425 9.41665 344.287 221.521
56 10.6729 7.49098 344.287 221.521
57 9.17657 6.85009 344.287 221.521
58 8.52837 5.99815 344.287 221.521
59 7.88842 5.57076 344.287 221.521
60 7.46018 5.35427 344.287 221.521
61 7.46192 5.13721 344.287 221.521
62 6.82292 4.71222 344.287 221.521
63 5.76157 4.28599 344.287 221.521
64 5.54573 3.85798 344.287 221.521
65 5.54573 3.21647 344.287 221.521
66 5.54573 3.00285 344.287 221.521
67 5.11862 3.00285 344.287 221.521
68 4.90507 2.35995 344.287 221.521
69 4.90507 2.14289 344.287 221.521
70 4.47813 1.71433 344.287 221.521
71 4.26595 1.71433 344.287 221.521
72 4.05377 1.71433 344.287 221.521
73 3.84077 1.50232 344.287 221.521
74 3.84077 1.71441 344.287 221.521
75 3.62824 1.71441 344.287 221.521
76 3.41472 1.71441 344.287 221.521
77 3.20188 1.28259 344.287 221.521
78 2.77539 1.28259 344.287 221.521
79 2.77539 1.28259 344.287 221.521
80 2.56277 1.28259 344.287 221.521
81 2.56277 1.28259 344.287 221.521
82 2.56277 1.28259 344.287 221.521
83 2.56277 1.28259 344.287 221.521
84 2.13784 1.07006 344.287 221.521
85 1.92405 1.07006 344.287 221.521
86 1.49743 1.07006 344.287 221.521
87 1.49743 0.64485 344.287 221.521
88 1.49743 0.64485 344.287 221.521
89 1.49743 0.85758 344.287 221.521
90 1.07222 0.85758 344.287 221.521
91 1.07222 0.85758 344.287 221.521
92 1.07222 0.85758 344.287 221.521
93 1.07222 0.85758 344.287 221.521
94 1.07222 0.85758 344.287 221.521
95 1.07222 0.85758 344.287 221.521
96 0.857101 0.85758 344.287 221.521
97 0.857101 0.85758 344.287 221.521
98 0.857101 0.85758 344.287 221.521
99 0.857101 0.85758 344.287 221.521
