0 0 0 407.389 238.737
1 0 0 407.389 238.737
2 0 0 407.389 238.737
3 0 0 407.389 238.737
4 0 0 407.389 238.737
5 0 0 407.389 238.737
6 0 0 407.389 238.737
7 0 0 407.389 238.737
8 0 0 407.389 238.737
9 0 0 407.389 238.737
10 0 0 407.389 238.737
11 0.804678 0 407.389 238.737
12 2.01227 0.401021 407.389 238.737
13 2.81373 0.600337 407.389 238.737
14 5.62322 1.0039 407.389 238.737
15 7.76246 1.60296 407.389 238.737
16 9.57281 3.41753 407.389 238.737
17 12.9861 3.61668 407.389 238.737
18 16.7983 6.02732 407.389 238.737
19 21.222 9.64616 407.389 238.737
20 25.0318 11.2515 407.389 238.737
21 29.9701 15.0639 407.389 238.737
22 37.1994 20.0931 407.389 238.737
23 44.2306 25.3191 407.389 238.737
24 53.4658 31.7428 407.389 238.737
25 63.0885 36.7621 407.389 238.737
26 73.3329 43.5706 407.389 238.737
27 85.779 51.0017 407.389 238.737
28 100.993 58.6293 407.389 238.737
29 118.242 69.6818 407.389 238.737
30 131.9 77.7104 407.389 238.737
31 151.166 87.0579 407.389 238.737
32 172.467 97.5067 407.389 238.737
33 192.881 107.337 407.389 238.737
34 213.006 120.39 407.389 238.737
35 230.485 134.154 407.389 238.737
36 253.361 145.784 407.389 238.737
37 274.849 159.782 407.389 238.737
38 294.911 173.62 407.389 238.737
39 310.586 183.661 407.389 238.737
40 327.189 190.304 407.389 238.737
41 340.225 195.527 407.389 238.737
42 349.244 201.351 407.389 238.737
43 356.274 204.562 407.389 238.737
44 363.107 208.713 407.389 238.737
45 367.322 212.275 407.389 238.737
46 371.537 214.283 407.389 238.737
47 377.111 215.892 407.389 238.737
48 378.91 218.109 407.389 238.737
49 381.12 220.115 407.389 238.737
50 383.51 221.518 407.389 238.737
51 384.71 223.123 407.389 238.737
52 386.917 223.723 407.389 238.737
53 387.922 224.732 407.389 238.737
54 389.329 225.935 407.389 238.737
55 390.938 227.093 407.389 238.737
56 391.941 228.091 407.389 238.737
57 393.548 228.691 407.389 238.737
58 394.55 229.891 407.389 238.737
59 394.752 230.495 407.389 238.737
60 395.956 230.695 407.389 238.737
61 396.758 231.099 407.389 238.737
62 397.359 231.701 407.389 238.737
63 397.96 232.703 407.389 238.737
64 398.361 233.709 407.389 238.737
65 398.561 234.31 407.389 238.737
66 398.959 234.31 407.389 238.737
67 399.36 234.914 407.389 238.737
68 400.565 235.316 407.389 238.737
69 400.565 235.517 407.389 238.737
70 400.965 235.517 407.389 238.737
71 401.771 235.517 407.389 238.737
72 401.971 235.517 407.389 238.737
73 402.374 235.517 407.389 238.737
74 402.374 235.517 407.389 238.737
75 402.572 235.718 407.389 238.737
76 402.772 235.718 407.389 238.737
77 403.175 235.718 407.389 238.737
78 403.175 235.718 407.389 238.737
79 403.377 235.92 407.389 238.737
80 403.577 235.92 407.389 238.737
81 403.779 236.12 407.389 238.737
82 403.98 236.12 407.389 238.737
83 403.98 236.322 407.389 238.737
84 403.98 236.927 407.389 238.737
85 403.98 236.927 407.389 238.737
86 403.98 237.129 407.389 238.737
87 404.58 237.129 407.389 238.737
88 404.781 237.73 407.389 238.737
89 404.781 237.932 407.389 238.737
90 405.387 237.932 407.389 238.737
91 405.387 237.932 407.389 238.737
92 405.387 237.932 407.389 238.737
93 405.586 238.133 407.389 238.737
94 405.586 238.133 407.389 238.737
95 405.785 238.133 407.389 238.737
96 405.785 238.133 407.389 238.737
97 405.785 238.133 407.389 238.737
98 405.785 238.133 407.389 238.737
99 405.785 238.133 407.389 238.737
