0 0 0 266.527 0
1 0 0 266.527 0
2 0 0 266.527 0
3 0 0 266.527 0
4 0 0 266.527 0
5 0 0 266.527 0
6 0 0 266.527 0
7 0 0 266.527 0
8 0 0 266.527 0
9 0 0 266.527 0
10 0 0 266.527 0
11 0 0 266.527 0
12 0.4269 0 266.527 0
13 1.28083 0 266.527 0
14 1.70894 0 266.527 0
15 2.3489 0 266.527 0
16 4.27237 0 266.527 0
17 5.55279 0 266.527 0
18 8.11893 0 266.527 0
19 9.40804 0 266.527 0
20 11.9665 0 266.527 0
21 13.2451 0 266.527 0
22 16.4524 0 266.527 0
23 20.9371 0 266.527 0
24 24.9976 0 266.527 0
25 30.5399 0 266.527 0
26 37.5862 0 266.527 0
27 46.9776 0 266.527 0
28 52.7498 0 266.527 0
29 59.789 0 266.527 0
30 68.7648 0 266.527 0
31 79.6605 0 266.527 0
32 90.7596 0 266.527 0
33 103.793 0 266.527 0
34 114.895 0 266.527 0
35 126.637 0 266.527 0
36 139.237 0 266.527 0
37 154.839 0 266.527 0
38 170.422 0 266.527 0
39 185.81 0 266.527 0
40 199.268 0 266.527 0
41 209.725 0 266.527 0
42 219.334 0 266.527 0
43 225.524 0 266.527 0
44 232.355 0 266.527 0
45 237.05 0 266.527 0
46 240.469 0 266.527 0
47 244.949 0 266.527 0
48 246.665 0 266.527 0
49 248.801 0 266.527 0
50 249.658 0 266.527 0
51 251.797 0 266.527 0
52 253.076 0 266.527 0
53 254.57 0 266.527 0
54 255.424 0 266.527 0
55 256.493 0 266.527 0
56 256.919 0 266.527 0
57 257.987 0 266.527 0
58 258.2 0 266.527 0
59 258.627 0 266.527 0
60 258.839 0 266.527 0
61 259.479 0 266.527 0
62 260.765 0 266.527 0
63 262.046 0 266.527 0
64 262.904 0 266.527 0
65 263.117 0 266.527 0
66 263.329 0 266.527 0
67 263.972 0 266.527 0
68 264.185 0 266.527 0
69 264.185 0 266.527 0
70 264.609 0 266.527 0
71 264.609 0 266.527 0
72 264.609 0 266.527 0
73 265.035 0 266.527 0
74 265.247 0 266.527 0
75 265.247 0 266.527 0
76 265.247 0 266.527 0
77 265.247 0 266.527 0
78 265.247 0 266.527 0
79 265.461 0 266.527 0
80 265.674 0 266.527 0
81 265.674 0 266.527 0
82 265.674 0 266.527 0
83 265.674 0 266.527 0
84 265.674 0 266.527 0
85 265.886 0 266.527 0
86 265.886 0 266.527 0
87 265.886 0 266.527 0
88 265.673 0 266.527 0
89 265.673 0 266.527 0
90 265.673 0 266.527 0
91 265.673 0 266.527 0
92 265.673 0 266.527 0
93 265.673 0 266.527 0
94 265.673 0 266.527 0
95 265.673 0 266.527 0
96 265.673 0 266.527 0
97 265.673 0 266.527 0
98 265.887 0 266.527 0
99 265.887 0 266.527 0
