0 0 0  2059.17 831.184
1 0 0  2059.17 831.184
2 0 0  2059.17 831.184
3 0 0  2059.17 831.184
4 0 0  2059.17 831.184
5 0 0  2059.17 831.184
6 0 0  2059.17 831.184
7 0 0  2059.17 831.184
8 0 0  2059.17 831.184
9 0 0  2059.17 831.184
10 0 0  2059.17 831.184
11 3.58852 0.843682  2059.17 831.184
12 10.3251 3.37517  2059.17 831.184
13 20.0198 8.22025  2059.17 831.184
14 38.356 12.8529  2059.17 831.184
15 69.1003 24.0231  2059.17 831.184
16 102.816 34.5655  2059.17 831.184
17 149.627 53.5193  2059.17 831.184
18 221.501 76.4925  2059.17 831.184
19 299.476 110.4  2059.17 831.184
20 390.752 153.163  2059.17 831.184
21 507.509 200.834  2059.17 831.184
22 650.027 255.835  2059.17 831.184
23 799.434 315.422  2059.17 831.184
24 955.163 386.449  2059.17 831.184
25 1107.95 447.552  2059.17 831.184
26 1254.25 502.562  2059.17 831.184
27 1365.33 548.491  2059.17 831.184
28 1469.01 592.75  2059.17 831.184
29 1557.89 625.815  2059.17 831.184
30 1625.28 653.407  2059.17 831.184
31 1679.88 676.811  2059.17 831.184
32 1733.6 696.172  2059.17 831.184
33 1780.35 716.168  2059.17 831.184
34 1816.8 728.822  2059.17 831.184
35 1847.8 741.476  2059.17 831.184
36 1867.59 752.214  2059.17 831.184
37 1891.83 760.22  2059.17 831.184
38 1908.29 768.018  2059.17 831.184
39 1924.3 773.281  2059.17 831.184
40 1936.95 779.811  2059.17 831.184
41 1951.91 785.71  2059.17 831.184
42 1962.86 789.502  2059.17 831.184
43 1971.09 793.499  2059.17 831.184
44 1977.62 797.707  2059.17 831.184
45 1982.47 800.231  2059.17 831.184
46 1989.01 802.76  2059.17 831.184
47 1994.28 804.442  2059.17 831.184
48 1998.07 806.545  2059.17 831.184
49 2004.17 807.387  2059.17 831.184
50 2008.18 809.283  2059.17 831.184
51 2012.18 810.969  2059.17 831.184
52 2015.54 811.806  2059.17 831.184
53 2017.85 813.492  2059.17 831.184
54 2020.17 814.124  2059.17 831.184
55 2022.29 814.969  2059.17 831.184
56 2023.55 816.022  2059.17 831.184
57 2025.24 816.234  2059.17 831.184
58 2027.14 817.29  2059.17 831.184
59 2028.81 817.29  2059.17 831.184
60 2030.71 817.922  2059.17 831.184
61 2031.55 818.341  2059.17 831.184
62 2032.61 819.183  2059.17 831.184
63 2033.25 820.233  2059.17 831.184
64 2034.73 820.233  2059.17 831.184
65 2035.99 820.657  2059.17 831.184
66 2036.41 820.657  2059.17 831.184
67 2037.25 821.496  2059.17 831.184
68 2038.3 821.917  2059.17 831.184
69 2038.93 822.765  2059.17 831.184
70 2039.77 823.185  2059.17 831.184
71 2040.4 823.393  2059.17 831.184
72 2040.82 823.601  2059.17 831.184
73 2041.03 824.025  2059.17 831.184
74 2041.88 824.235  2059.17 831.184
75 2043.57 824.235  2059.17 831.184
76 2044.84 824.865  2059.17 831.184
77 2045.26 825.076  2059.17 831.184
78 2045.68 825.288  2059.17 831.184
79 2046.31 825.709  2059.17 831.184
80 2046.52 825.709  2059.17 831.184
81 2047.79 825.709  2059.17 831.184
82 2048.21 825.921  2059.17 831.184
83 2048.62 826.132  2059.17 831.184
84 2049.68 826.345  2059.17 831.184
85 2049.68 826.345  2059.17 831.184
86 2050.1 826.345  2059.17 831.184
87 2050.1 826.766  2059.17 831.184
88 2050.95 826.766  2059.17 831.184
89 2050.95 826.766  2059.17 831.184
90 2051.16 827.189  2059.17 831.184
91 2051.58 827.189  2059.17 831.184
92 2051.79 827.189  2059.17 831.184
93 2051.79 827.401  2059.17 831.184
94 2052 827.825  2059.17 831.184
95 2052.21 828.035  2059.17 831.184
96 2052.42 828.035  2059.17 831.184
97 2052.42 828.035  2059.17 831.184
98 2053.05 828.246  2059.17 831.184
99 2053.26 828.246  2059.17 831.184
