0 134.841 0 134.841 0
1 134.841 0 134.841 0
2 134.841 0 134.841 0
3 134.841 0 134.841 0
4 134.841 0 134.841 0
5 134.841 0 134.841 0
6 134.841 0 134.841 0
7 134.841 0 134.841 0
8 134.841 0 134.841 0
9 134.841 0 134.841 0
10 134.841 0 134.841 0
11 134.631 0 134.841 0
12 134.421 0 134.841 0
13 134.211 0 134.841 0
14 134.001 0 134.841 0
15 133.791 0 134.841 0
16 132.951 0 134.841 0
17 132.106 0 134.841 0
18 131.687 0 134.841 0
19 131.058 0 134.841 0
20 129.799 0 134.841 0
21 128.331 0 134.841 0
22 126.648 0 134.841 0
23 124.552 0 134.841 0
24 122.664 0 134.841 0
25 118.461 0 134.841 0
26 117.201 0 134.841 0
27 111.532 0 134.841 0
28 106.913 0 134.841 0
29 103.132 0 134.841 0
30 96.6233 0 134.841 0
31 91.5896 0 134.841 0
32 84.8637 0 134.841 0
33 76.8747 0 134.841 0
34 69.3302 0 134.841 0
35 62.6037 0 134.841 0
36 55.6782 0 134.841 0
37 50.4317 0 134.841 0
38 42.2389 0 134.841 0
39 36.7684 0 134.841 0
40 30.459 0 134.841 0
41 26.0484 0 134.841 0
42 22.6849 0 134.841 0
43 20.5832 0 134.841 0
44 18.9017 0 134.841 0
45 17.4338 0 134.841 0
46 16.5903 0 134.841 0
47 15.7464 0 134.841 0
48 14.4837 0 134.841 0
49 13.0096 0 134.841 0
50 11.9597 0 134.841 0
51 11.3308 0 134.841 0
52 10.0735 0 134.841 0
53 8.60366 0 134.841 0
54 7.76524 0 134.841 0
55 7.55345 0 134.841 0
56 7.34406 0 134.841 0
57 6.29512 0 134.841 0
58 5.66379 0 134.841 0
59 5.0347 0 134.841 0
60 4.6141 0 134.841 0
61 4.6141 0 134.841 0
62 4.40344 0 134.841 0
63 4.19332 0 134.841 0
64 4.19332 0 134.841 0
65 3.98486 0 134.841 0
66 3.77562 0 134.841 0
67 2.7287 0 134.841 0
68 2.7287 0 134.841 0
69 2.7287 0 134.841 0
70 2.7287 0 134.841 0
71 2.7287 0 134.841 0
72 2.3085 0 134.841 0
73 2.3085 0 134.841 0
74 2.09923 0 134.841 0
75 1.88991 0 134.841 0
76 1.68016 0 134.841 0
77 1.68016 0 134.841 0
78 1.47015 0 134.841 0
79 1.47015 0 134.841 0
80 1.26035 0 134.841 0
81 1.26035 0 134.841 0
82 0.838715 0 134.841 0
83 0.838715 0 134.841 0
84 0.838715 0 134.841 0
85 0.62899 0 134.841 0
86 0.62899 0 134.841 0
87 0.62899 0 134.841 0
88 0.62899 0 134.841 0
89 0.62899 0 134.841 0
90 0.62899 0 134.841 0
91 0.62899 0 134.841 0
92 0.419026 0 134.841 0
93 0.419026 0 134.841 0
94 0.419026 0 134.841 0
95 0.419026 0 134.841 0
96 0.419026 0 134.841 0
97 0.419026 0 134.841 0
98 0.419026 0 134.841 0
99 0.419026 0 134.841 0
