0 0 0 414.32 0
1 0 0 414.32 0
2 0 0 414.32 0
3 0 0 414.32 0
4 0 0 414.32 0
5 0 0 414.32 0
6 0 0 414.32 0
7 0 0 414.32 0
8 0 0 414.32 0
9 0 0 414.32 0
10 0 0 414.32 0
11 1.0524 0 414.32 0
12 2.94482 0 414.32 0
13 4.42092 0 414.32 0
14 9.05061 0 414.32 0
15 14.5298 0 414.32 0
16 21.4896 0 414.32 0
17 33.0916 0 414.32 0
18 48.708 0 414.32 0
19 63.8848 0 414.32 0
20 83.8909 0 414.32 0
21 109.164 0 414.32 0
22 138.698 0 414.32 0
23 168.418 0 414.32 0
24 197.942 0 414.32 0
25 229.559 0 414.32 0
26 256.311 0 414.32 0
27 276.535 0 414.32 0
28 296.124 0 414.32 0
29 315.274 0 414.32 0
30 327.694 0 414.32 0
31 336.349 0 414.32 0
32 347.938 0 414.32 0
33 359.308 0 414.32 0
34 367.737 0 414.32 0
35 374.043 0 414.32 0
36 379.729 0 414.32 0
37 383.101 0 414.32 0
38 385.63 0 414.32 0
39 388.162 0 414.32 0
40 390.91 0 414.32 0
41 393.224 0 414.32 0
42 397.02 0 414.32 0
43 398.711 0 414.32 0
44 400.189 0 414.32 0
45 401.034 0 414.32 0
46 402.086 0 414.32 0
47 402.932 0 414.32 0
48 403.561 0 414.32 0
49 404.408 0 414.32 0
50 405.253 0 414.32 0
51 405.463 0 414.32 0
52 405.882 0 414.32 0
53 406.512 0 414.32 0
54 406.512 0 414.32 0
55 406.933 0 414.32 0
56 406.933 0 414.32 0
57 407.356 0 414.32 0
58 407.567 0 414.32 0
59 407.567 0 414.32 0
60 408.414 0 414.32 0
61 408.834 0 414.32 0
62 409.046 0 414.32 0
63 409.046 0 414.32 0
64 409.256 0 414.32 0
65 409.466 0 414.32 0
66 409.466 0 414.32 0
67 409.466 0 414.32 0
68 409.676 0 414.32 0
69 409.884 0 414.32 0
70 409.884 0 414.32 0
71 410.094 0 414.32 0
72 410.094 0 414.32 0
73 410.094 0 414.32 0
74 410.517 0 414.32 0
75 410.73 0 414.32 0
76 411.364 0 414.32 0
77 411.575 0 414.32 0
78 411.575 0 414.32 0
79 412.21 0 414.32 0
80 412.42 0 414.32 0
81 412.631 0 414.32 0
82 412.631 0 414.32 0
83 412.631 0 414.32 0
84 412.844 0 414.32 0
85 412.844 0 414.32 0
86 412.844 0 414.32 0
87 412.844 0 414.32 0
88 412.844 0 414.32 0
89 412.844 0 414.32 0
90 412.844 0 414.32 0
91 412.844 0 414.32 0
92 412.844 0 414.32 0
93 412.844 0 414.32 0
94 412.844 0 414.32 0
95 412.844 0 414.32 0
96 413.054 0 414.32 0
97 413.054 0 414.32 0
98 413.264 0 414.32 0
99 413.476 0 414.32 0
