0 386.677 223.69 386.677 223.69
1 386.677 223.69 386.677 223.69
2 386.677 223.69 386.677 223.69
3 386.677 223.69 386.677 223.69
4 386.677 223.69 386.677 223.69
5 386.677 223.69 386.677 223.69
6 386.677 223.69 386.677 223.69
7 386.677 223.69 386.677 223.69
8 386.677 223.69 386.677 223.69
9 386.677 223.69 386.677 223.69
10 386.677 223.69 386.677 223.69
11 386.467 223.69 386.677 223.69
12 386.256 223.903 386.677 223.69
13 385.413 223.27 386.677 223.69
14 385.411 222.429 386.677 223.69
15 383.729 222.006 386.677 223.69
16 381.207 221.796 386.677 223.69
17 379.739 221.376 386.677 223.69
18 378.27 220.329 386.677 223.69
19 377.222 218.015 386.677 223.69
20 373.025 216.754 386.677 223.69
21 369.25 214.866 386.677 223.69
22 363.798 210.45 386.677 223.69
23 356.875 206.668 386.677 223.69
24 349.111 202.465 386.677 223.69
25 338.401 198.267 386.677 223.69
26 330.412 193.857 386.677 223.69
27 321.8 187.555 386.677 223.69
28 313.189 178.521 386.677 223.69
29 302.472 170.963 386.677 223.69
30 290.494 162.137 386.677 223.69
31 272.63 152.673 386.677 223.69
32 256.469 144.487 386.677 223.69
33 237.988 131.673 386.677 223.69
34 215.309 119.076 386.677 223.69
35 190.109 103.541 386.677 223.69
36 166.361 91.9931 386.677 223.69
37 141.972 79.6105 386.677 223.69
38 121.179 69.1053 386.677 223.69
39 97.6506 58.3873 386.677 223.69
40 82.3308 48.9395 386.677 223.69
41 72.6855 41.5886 386.677 223.69
42 61.9778 34.032 386.677 223.69
43 55.8863 29.6223 386.677 223.69
44 51.4682 25.2054 386.677 223.69
45 46.6419 21.0082 386.677 223.69
46 41.3833 19.3275 386.677 223.69
47 36.7631 17.4339 386.677 223.69
48 33.1919 16.3799 386.677 223.69
49 30.0418 14.9064 386.677 223.69
50 27.7329 13.0176 386.677 223.69
51 25.2101 12.5972 386.677 223.69
52 24.3712 11.337 386.677 223.69
53 23.1101 10.9174 386.677 223.69
54 22.2703 10.7077 386.677 223.69
55 19.9611 10.2854 386.677 223.69
56 17.8617 9.44268 386.677 223.69
57 16.3916 9.23303 386.677 223.69
58 15.5525 9.02206 386.677 223.69
59 13.8733 8.18371 386.677 223.69
60 13.2434 7.76459 386.677 223.69
61 12.61 7.55582 386.677 223.69
62 11.9791 6.71922 386.677 223.69
63 11.1356 5.2516 386.677 223.69
64 10.9242 4.82911 386.677 223.69
65 9.45109 4.19898 386.677 223.69
66 9.0309 4.19898 386.677 223.69
67 8.81962 3.98913 386.677 223.69
68 7.97653 3.56962 386.677 223.69
69 7.13857 3.36103 386.677 223.69
70 6.30417 3.15173 386.677 223.69
71 5.88503 3.15173 386.677 223.69
72 5.46502 2.94163 386.677 223.69
73 5.46502 2.73154 386.677 223.69
74 5.46502 2.5224 386.677 223.69
75 5.04505 2.5224 386.677 223.69
76 4.62558 2.31189 386.677 223.69
77 4.41516 2.10079 386.677 223.69
78 4.41516 2.10079 386.677 223.69
79 4.20526 2.10079 386.677 223.69
80 4.20526 2.10079 386.677 223.69
81 4.20526 2.10079 386.677 223.69
82 4.20526 2.31032 386.677 223.69
83 3.99413 2.31032 386.677 223.69
84 3.99413 2.31032 386.677 223.69
85 3.99413 2.31032 386.677 223.69
86 3.99413 2.31032 386.677 223.69
87 3.99413 2.31032 386.677 223.69
88 3.99413 2.10061 386.677 223.69
89 3.57403 2.10061 386.677 223.69
90 3.1539 2.10061 386.677 223.69
91 3.1539 1.8901 386.677 223.69
92 2.94275 1.8901 386.677 223.69
93 2.94275 1.8901 386.677 223.69
94 2.94275 1.8901 386.677 223.69
95 2.94275 1.88736 386.677 223.69
96 2.94275 1.88736 386.677 223.69
97 2.94275 1.88736 386.677 223.69
98 2.73136 1.88736 386.677 223.69
99 2.73136 1.88736 386.677 223.69
