0 692.951 400.462 692.951 400.462
1 692.951 400.462 692.951 400.462
2 692.951 400.462 692.951 400.462
3 692.951 400.462 692.951 400.462
4 692.951 400.462 692.951 400.462
5 692.951 400.462 692.951 400.462
6 692.951 400.462 692.951 400.462
7 692.951 400.462 692.951 400.462
8 692.951 400.462 692.951 400.462
9 692.951 400.462 692.951 400.462
10 692.951 400.462 692.951 400.462
11 691.402 400.02 692.951 400.462
12 688.293 398.026 692.951 400.462
13 684.292 397.139 692.951 400.462
14 681.853 394.915 692.951 400.462
15 673.198 390.465 692.951 400.462
16 663.654 384.243 692.951 400.462
17 653.878 375.372 692.951 400.462
18 642.115 365.833 692.951 400.462
19 624.575 355.616 692.951 400.462
20 607.263 346.084 692.951 400.462
21 583.272 339.214 692.951 400.462
22 561.31 325.236 692.951 400.462
23 528.23 306.37 692.951 400.462
24 492.889 289.71 692.951 400.462
25 458.466 271.069 692.951 400.462
26 419.611 247.979 692.951 400.462
27 374.983 226.89 692.951 400.462
28 324.785 205.805 692.951 400.462
29 279.044 176.273 692.951 400.462
30 234.853 150.08 692.951 400.462
31 194.434 124.741 692.951 400.462
32 161.34 104.52 692.951 400.462
33 138.947 90.3204 692.951 400.462
34 118.312 79.4539 692.951 400.462
35 101.007 64.8152 692.951 400.462
36 92.3507 58.595 692.951 400.462
37 84.1464 51.5003 692.951 400.462
38 74.8308 43.9585 692.951 400.462
39 66.4017 40.1699 692.951 400.462
40 59.3016 36.3996 692.951 400.462
41 52.6391 31.9604 692.951 400.462
42 47.5244 27.096 692.951 400.462
43 43.7433 25.3172 692.951 400.462
44 40.1852 23.7623 692.951 400.462
45 36.8586 23.0989 692.951 400.462
46 33.3067 21.3152 692.951 400.462
47 30.86 20.2039 692.951 400.462
48 27.5208 18.4293 692.951 400.462
49 24.8615 17.7618 692.951 400.462
50 22.8736 17.1002 692.951 400.462
51 21.7628 15.7652 692.951 400.462
52 19.9849 14.4276 692.951 400.462
53 17.9908 13.5408 692.951 400.462
54 17.5497 12.6527 692.951 400.462
55 15.9893 11.7604 692.951 400.462
56 15.103 10.433 692.951 400.462
57 13.3329 9.54527 692.951 400.462
58 12.4435 9.32515 692.951 400.462
59 11.33 9.10435 692.951 400.462
60 10.4378 8.88047 692.951 400.462
61 8.6585 8.21141 692.951 400.462
62 7.99291 7.7658 692.951 400.462
63 7.10286 6.43245 692.951 400.462
64 6.88079 5.98845 692.951 400.462
65 6.65974 5.76357 692.951 400.462
66 6.43587 5.31817 692.951 400.462
67 6.21514 4.87445 692.951 400.462
68 6.21514 4.87445 692.951 400.462
69 5.77228 4.65344 692.951 400.462
70 5.32766 4.43685 692.951 400.462
71 4.8831 4.43685 692.951 400.462
72 4.44021 3.99099 692.951 400.462
73 4.44021 3.76808 692.951 400.462
74 3.99244 3.10194 692.951 400.462
75 3.54938 3.10194 692.951 400.462
76 3.54938 2.87989 692.951 400.462
77 3.32636 2.6599 692.951 400.462
78 2.65977 2.43735 692.951 400.462
79 2.65977 2.21543 692.951 400.462
80 2.65977 2.21543 692.951 400.462
81 2.65977 1.99416 692.951 400.462
82 2.43905 1.99416 692.951 400.462
83 2.43905 1.99416 692.951 400.462
84 2.43905 1.99416 692.951 400.462
85 2.43905 1.77416 692.951 400.462
86 2.21701 1.5537 692.951 400.462
87 2.21701 1.5537 692.951 400.462
88 2.21701 1.5537 692.951 400.462
89 2.21701 1.5537 692.951 400.462
90 2.21701 1.5537 692.951 400.462
91 2.21701 1.5537 692.951 400.462
92 2.21701 1.5537 692.951 400.462
93 2.21701 1.5537 692.951 400.462
94 2.21701 1.5537 692.951 400.462
95 2.21701 1.5537 692.951 400.462
96 2.21701 1.5537 692.951 400.462
97 2.21701 1.5537 692.951 400.462
98 2.21701 1.5537 692.951 400.462
99 2.21701 1.5537 692.951 400.462
