0 0 0 462.005 233.456
1 0 0 462.005 233.456
2 0 0 462.005 233.456
3 0 0 462.005 233.456
4 0 0 462.005 233.456
5 0 0 462.005 233.456
6 0 0 462.005 233.456
7 0 0 462.005 233.456
8 0 0 462.005 233.456
9 0 0 462.005 233.456
10 0 0 462.005 233.456
11 0.427493 -0.212312 462.005 233.456
12 0.640614 0.214559 462.005 233.456
13 1.06799 0.430121 462.005 233.456
14 2.56026 1.07011 462.005 233.456
15 3.19658 1.07112 462.005 233.456
16 5.12259 2.34869 462.005 233.456
17 6.83148 3.84236 462.005 233.456
18 10.2629 4.697 462.005 233.456
19 14.3133 6.61997 462.005 233.456
20 18.3718 9.18354 462.005 233.456
21 24.1436 10.8912 462.005 233.456
22 31.6197 12.1725 462.005 233.456
23 38.2318 16.0187 462.005 233.456
24 45.7129 21.5707 462.005 233.456
25 54.0403 25.4195 462.005 233.456
26 63.4411 29.9009 462.005 233.456
27 72.4089 33.9623 462.005 233.456
28 84.1546 38.4484 462.005 233.456
29 100.169 46.3398 462.005 233.456
30 113.401 55.9495 462.005 233.456
31 133.914 65.5633 462.005 233.456
32 152.089 76.0342 462.005 233.456
33 172.163 87.5661 462.005 233.456
34 190.973 97.8278 462.005 233.456
35 216.404 110.003 462.005 233.456
36 240.3 120.265 462.005 233.456
37 267.436 134.791 462.005 233.456
38 289.434 147.424 462.005 233.456
39 313.972 162.802 462.005 233.456
40 338.317 171.333 462.005 233.456
41 356.876 183.5 462.005 233.456
42 375.477 189.472 462.005 233.456
43 389.57 195.252 462.005 233.456
44 400.27 201.226 462.005 233.456
45 409.879 205.289 462.005 233.456
46 417.57 209.554 462.005 233.456
47 423.56 211.687 462.005 233.456
48 427.405 215.303 462.005 233.456
49 431.464 217.866 462.005 233.456
50 433.604 219.146 462.005 233.456
51 435.955 220.857 462.005 233.456
52 439.589 221.495 462.005 233.456
53 442.145 223.844 462.005 233.456
54 444.065 225.977 462.005 233.456
55 446.197 226.406 462.005 233.456
56 447.692 227.263 462.005 233.456
57 448.765 227.903 462.005 233.456
58 450.266 228.116 462.005 233.456
59 450.69 228.753 462.005 233.456
60 451.118 229.397 462.005 233.456
61 451.546 229.61 462.005 233.456
62 452.396 230.038 462.005 233.456
63 452.823 230.681 462.005 233.456
64 453.037 230.681 462.005 233.456
65 454.105 230.681 462.005 233.456
66 454.317 230.681 462.005 233.456
67 454.532 230.681 462.005 233.456
68 454.958 230.893 462.005 233.456
69 455.385 231.105 462.005 233.456
70 455.6 231.105 462.005 233.456
71 456.244 231.532 462.005 233.456
72 456.458 232.173 462.005 233.456
73 456.458 232.173 462.005 233.456
74 456.674 232.173 462.005 233.456
75 456.889 232.173 462.005 233.456
76 457.313 232.173 462.005 233.456
77 457.739 232.387 462.005 233.456
78 457.952 232.387 462.005 233.456
79 458.377 232.387 462.005 233.456
80 458.59 232.387 462.005 233.456
81 458.802 232.601 462.005 233.456
82 459.016 232.601 462.005 233.456
83 459.23 232.813 462.005 233.456
84 459.23 232.813 462.005 233.456
85 459.23 232.813 462.005 233.456
86 459.23 233.028 462.005 233.456
87 459.23 233.028 462.005 233.456
88 459.445 233.028 462.005 233.456
89 459.871 233.028 462.005 233.456
90 459.871 233.028 462.005 233.456
91 459.871 233.028 462.005 233.456
92 459.871 233.028 462.005 233.456
93 459.871 233.028 462.005 233.456
94 460.084 233.028 462.005 233.456
95 460.084 233.028 462.005 233.456
96 460.084 233.028 462.005 233.456
97 460.298 233.028 462.005 233.456
98 460.511 233.028 462.005 233.456
99 460.723 233.028 462.005 233.456
