0 0 0 252.718 0
1 0 0 252.718 0
2 0 0 252.718 0
3 0 0 252.718 0
4 0 0 252.718 0
5 0 0 252.718 0
6 0 0 252.718 0
7 0 0 252.718 0
8 0 0 252.718 0
9 0 0 252.718 0
10 0 0 252.718 0
11 0.210003 0 252.718 0
12 0.420163 0 252.718 0
13 1.47268 0 252.718 0
14 2.31557 0 252.718 0
15 2.73235 0 252.718 0
16 3.78291 0 252.718 0
17 3.9944 0 252.718 0
18 5.25659 0 252.718 0
19 6.09327 0 252.718 0
20 8.82543 0 252.718 0
21 12.3997 0 252.718 0
22 15.3462 0 252.718 0
23 17.8677 0 252.718 0
24 22.2756 0 252.718 0
25 26.2635 0 252.718 0
26 31.7317 0 252.718 0
27 36.99 0 252.718 0
28 44.7695 0 252.718 0
29 54.4413 0 252.718 0
30 63.263 0 252.718 0
31 75.8725 0 252.718 0
32 85.5341 0 252.718 0
33 98.573 0 252.718 0
34 109.71 0 252.718 0
35 123.784 0 252.718 0
36 136.591 0 252.718 0
37 150.654 0 252.718 0
38 166.833 0 252.718 0
39 185.717 0 252.718 0
40 199.567 0 252.718 0
41 207.332 0 252.718 0
42 213.638 0 252.718 0
43 218.053 0 252.718 0
44 223.304 0 252.718 0
45 227.294 0 252.718 0
46 231.714 0 252.718 0
47 234.449 0 252.718 0
48 236.126 0 252.718 0
49 237.806 0 252.718 0
50 239.694 0 252.718 0
51 240.957 0 252.718 0
52 241.59 0 252.718 0
53 242.636 0 252.718 0
54 243.266 0 252.718 0
55 243.685 0 252.718 0
56 245.368 0 252.718 0
57 245.789 0 252.718 0
58 246.209 0 252.718 0
59 246.418 0 252.718 0
60 247.049 0 252.718 0
61 247.467 0 252.718 0
62 247.89 0 252.718 0
63 248.1 0 252.718 0
64 248.309 0 252.718 0
65 248.727 0 252.718 0
66 248.939 0 252.718 0
67 249.15 0 252.718 0
68 249.359 0 252.718 0
69 249.78 0 252.718 0
70 249.78 0 252.718 0
71 249.78 0 252.718 0
72 249.78 0 252.718 0
73 249.99 0 252.718 0
74 249.99 0 252.718 0
75 249.99 0 252.718 0
76 250.201 0 252.718 0
77 250.201 0 252.718 0
78 250.411 0 252.718 0
79 250.411 0 252.718 0
80 250.62 0 252.718 0
81 250.829 0 252.718 0
82 250.829 0 252.718 0
83 250.829 0 252.718 0
84 250.829 0 252.718 0
85 251.25 0 252.718 0
86 251.25 0 252.718 0
87 251.25 0 252.718 0
88 251.25 0 252.718 0
89 251.46 0 252.718 0
90 251.46 0 252.718 0
91 251.46 0 252.718 0
92 251.46 0 252.718 0
93 251.46 0 252.718 0
94 251.46 0 252.718 0
95 251.46 0 252.718 0
96 251.67 0 252.718 0
97 251.67 0 252.718 0
98 251.67 0 252.718 0
99 251.67 0 252.718 0
