0 0 0 9131 3724
1 0 0 9131 3724
2 0 0 9131 3724
3 0 0 9131 3724
4 0 0 9131 3724
5 0 0 9131 3724
6 0 0 9131 3724
7 0 0 9131 3724
8 0 0 9131 3724
9 0 0 9131 3724
10 0 0 9131 3724
11 8 2 9131 3724
12 18 6 9131 3724
13 37 11 9131 3724
14 52 22 9131 3724
15 73 33 9131 3724
16 99 44 9131 3724
17 142 55 9131 3724
18 193 74 9131 3724
19 265 104 9131 3724
20 349 141 9131 3724
21 459 175 9131 3724
22 580 218 9131 3724
23 719 275 9131 3724
24 869 344 9131 3724
25 1062 412 9131 3724
26 1264 473 9131 3724
27 1476 580 9131 3724
28 1718 673 9131 3724
29 1961 798 9131 3724
30 2288 945 9131 3724
31 2630 1080 9131 3724
32 3013 1237 9131 3724
33 3402 1430 9131 3724
34 3871 1608 9131 3724
35 4283 1790 9131 3724
36 4806 1994 9131 3724
37 5313 2178 9131 3724
38 5830 2395 9131 3724
39 6333 2566 9131 3724
40 6752 2740 9131 3724
41 7136 2882 9131 3724
42 7417 2999 9131 3724
43 7657 3089 9131 3724
44 7856 3174 9131 3724
45 8022 3235 9131 3724
46 8148 3291 9131 3724
47 8266 3334 9131 3724
48 8363 3375 9131 3724
49 8435 3404 9131 3724
50 8494 3429 9131 3724
51 8550 3465 9131 3724
52 8613 3490 9131 3724
53 8650 3508 9131 3724
54 8683 3527 9131 3724
55 8723 3544 9131 3724
56 8750 3555 9131 3724
57 8775 3571 9131 3724
58 8802 3579 9131 3724
59 8821 3593 9131 3724
60 8841 3602 9131 3724
61 8866 3611 9131 3724
62 8883 3619 9131 3724
63 8906 3624 9131 3724
64 8921 3633 9131 3724
65 8933 3640 9131 3724
66 8948 3641 9131 3724
67 8961 3646 9131 3724
68 8970 3650 9131 3724
69 8984 3652 9131 3724
70 8996 3655 9131 3724
71 8999 3657 9131 3724
72 9005 3666 9131 3724
73 9012 3671 9131 3724
74 9020 3674 9131 3724
75 9023 3676 9131 3724
76 9029 3677 9131 3724
77 9035 3678 9131 3724
78 9038 3680 9131 3724
79 9046 3683 9131 3724
80 9048 3687 9131 3724
81 9053 3690 9131 3724
82 9058 3691 9131 3724
83 9063 3693 9131 3724
84 9066 3693 9131 3724
85 9067 3694 9131 3724
86 9073 3695 9131 3724
87 9075 3696 9131 3724
88 9078 3696 9131 3724
89 9078 3697 9131 3724
90 9078 3699 9131 3724
91 9082 3700 9131 3724
92 9085 3700 9131 3724
93 9088 3700 9131 3724
94 9091 3701 9131 3724
95 9092 3702 9131 3724
96 9093 3703 9131 3724
97 9095 3706 9131 3724
98 9096 3706 9131 3724
99 9098 3706 9131 3724
