0 0 0 132.303 0.803774
1 0 0 132.303 0.803774
2 0 0 132.303 0.803774
3 0 0 132.303 0.803774
4 0 0 132.303 0.803774
5 0 0 132.303 0.803774
6 0 0 132.303 0.803774
7 0 0 132.303 0.803774
8 0 0 132.303 0.803774
9 0 0 132.303 0.803774
10 0 0 132.303 0.803774
11 0.200042 0 132.303 0.803774
12 0.000649609 0 132.303 0.803774
13 0.400742 0 132.303 0.803774
14 0.401228 0 132.303 0.803774
15 1.00508 0 132.303 0.803774
16 1.60933 0 132.303 0.803774
17 2.61374 0 132.303 0.803774
18 3.41326 0 132.303 0.803774
19 4.61721 0 132.303 0.803774
20 5.42339 0 132.303 0.803774
21 7.23248 0 132.303 0.803774
22 8.63647 0 132.303 0.803774
23 10.8541 0 132.303 0.803774
24 14.0698 0 132.303 0.803774
25 18.4837 0 132.303 0.803774
26 22.1038 0 132.303 0.803774
27 25.522 0.401567 132.303 0.803774
28 31.3492 0.401567 132.303 0.803774
29 37.9747 0.401567 132.303 0.803774
30 41.9821 0.401567 132.303 0.803774
31 50.006 0.401567 132.303 0.803774
32 57.4229 0.401567 132.303 0.803774
33 64.0469 0.401567 132.303 0.803774
34 72.2833 0.603087 132.303 0.803774
35 80.714 0.603087 132.303 0.803774
36 89.3449 0.603087 132.303 0.803774
37 95.3734 0.603087 132.303 0.803774
38 99.3932 0.603087 132.303 0.803774
39 103.202 0.603087 132.303 0.803774
40 108.018 0.603087 132.303 0.803774
41 112.437 0.603087 132.303 0.803774
42 116.849 0.603087 132.303 0.803774
43 118.253 0.603087 132.303 0.803774
44 120.458 0.603087 132.303 0.803774
45 121.861 0.603087 132.303 0.803774
46 122.666 0.603087 132.303 0.803774
47 123.468 0.603087 132.303 0.803774
48 124.273 0.603087 132.303 0.803774
49 125.88 0.603087 132.303 0.803774
50 126.484 0.603087 132.303 0.803774
51 127.288 0.603087 132.303 0.803774
52 127.487 0.603087 132.303 0.803774
53 127.889 0.603087 132.303 0.803774
54 128.089 0.603087 132.303 0.803774
55 128.288 0.603087 132.303 0.803774
56 128.689 0.603087 132.303 0.803774
57 128.889 0.603087 132.303 0.803774
58 129.091 0.603087 132.303 0.803774
59 129.293 0.603087 132.303 0.803774
60 129.894 0.603087 132.303 0.803774
61 129.894 0.603087 132.303 0.803774
62 129.894 0.603087 132.303 0.803774
63 129.894 0.603087 132.303 0.803774
64 129.894 0.603087 132.303 0.803774
65 129.894 0.603087 132.303 0.803774
66 129.894 0.603087 132.303 0.803774
67 130.096 0.603087 132.303 0.803774
68 130.096 0.603087 132.303 0.803774
69 130.096 0.603087 132.303 0.803774
70 130.096 0.603087 132.303 0.803774
71 130.096 0.603087 132.303 0.803774
72 130.096 0.603087 132.303 0.803774
73 130.498 0.603087 132.303 0.803774
74 130.498 0.603087 132.303 0.803774
75 130.698 0.603087 132.303 0.803774
76 130.698 0.603087 132.303 0.803774
77 130.9 0.603087 132.303 0.803774
78 130.9 0.603087 132.303 0.803774
79 131.099 0.603087 132.303 0.803774
80 131.099 0.603087 132.303 0.803774
81 131.099 0.603087 132.303 0.803774
82 131.099 0.603087 132.303 0.803774
83 131.099 0.603087 132.303 0.803774
84 131.099 0.603087 132.303 0.803774
85 131.3 0.603087 132.303 0.803774
86 131.499 0.603087 132.303 0.803774
87 131.901 0.603087 132.303 0.803774
88 131.901 0.603087 132.303 0.803774
89 131.901 0.603087 132.303 0.803774
90 131.901 0.603087 132.303 0.803774
91 131.901 0.603087 132.303 0.803774
92 132.102 0.603087 132.303 0.803774
93 132.102 0.603087 132.303 0.803774
94 132.102 0.603087 132.303 0.803774
95 132.102 0.603087 132.303 0.803774
96 132.102 0.603087 132.303 0.803774
97 132.102 0.603087 132.303 0.803774
98 132.102 0.603087 132.303 0.803774
99 132.102 0.603087 132.303 0.803774
