0 0 0 367.717 211.661
1 0 0 367.717 211.661
2 0 0 367.717 211.661
3 0 0 367.717 211.661
4 0 0 367.717 211.661
5 0 0 367.717 211.661
6 0 0 367.717 211.661
7 0 0 367.717 211.661
8 0 0 367.717 211.661
9 0 0 367.717 211.661
10 0 0 367.717 211.661
11 0.419327 0.210457 367.717 211.661
12 0.419327 0.210457 367.717 211.661
13 0.419327 0.421005 367.717 211.661
14 0.840373 0.630932 367.717 211.661
15 1.26332 1.47433 367.717 211.661
16 3.15954 2.31587 367.717 211.661
17 4.84495 2.31587 367.717 211.661
18 6.74259 3.57835 367.717 211.661
19 9.26865 4.42199 367.717 211.661
20 13.4815 5.89865 367.717 211.661
21 18.123 6.74067 367.717 211.661
22 23.5934 9.47412 367.717 211.661
23 27.3902 13.6935 367.717 211.661
24 33.495 17.4832 367.717 211.661
25 43.608 22.1176 367.717 211.661
26 53.7061 25.0679 367.717 211.661
27 61.9291 30.5367 367.717 211.661
28 69.519 38.1147 367.717 211.661
29 78.1544 43.3828 367.717 211.661
30 91.6276 51.8068 367.717 211.661
31 107.63 59.1766 367.717 211.661
32 121.106 68.444 367.717 211.661
33 134.156 81.0764 367.717 211.661
34 159.015 90.7484 367.717 211.661
35 176.714 101.075 367.717 211.661
36 196.293 112.868 367.717 211.661
37 214.821 123.409 367.717 211.661
38 238.843 137.514 367.717 211.661
39 259.673 147.631 367.717 211.661
40 275.887 156.475 367.717 211.661
41 289.99 164.683 367.717 211.661
42 301.14 172.265 367.717 211.661
43 309.983 176.479 367.717 211.661
44 316.934 181.74 367.717 211.661
45 323.268 185.963 367.717 211.661
46 328.537 189.338 367.717 211.661
47 333.386 191.658 367.717 211.661
48 337.801 193.97 367.717 211.661
49 340.746 195.235 367.717 211.661
50 343.907 197.557 367.717 211.661
51 346.651 198.822 367.717 211.661
52 349.18 199.66 367.717 211.661
53 350.862 200.922 367.717 211.661
54 352.759 201.973 367.717 211.661
55 354.449 202.605 367.717 211.661
56 355.502 203.868 367.717 211.661
57 356.134 204.291 367.717 211.661
58 357.189 204.713 367.717 211.661
59 358.24 204.92 367.717 211.661
60 358.449 204.92 367.717 211.661
61 359.501 205.339 367.717 211.661
62 359.711 205.76 367.717 211.661
63 360.762 205.972 367.717 211.661
64 360.973 206.395 367.717 211.661
65 361.184 207.027 367.717 211.661
66 361.395 207.027 367.717 211.661
67 362.028 207.24 367.717 211.661
68 362.239 207.45 367.717 211.661
69 362.874 207.45 367.717 211.661
70 363.084 207.45 367.717 211.661
71 363.084 207.661 367.717 211.661
72 363.084 208.504 367.717 211.661
73 363.294 208.925 367.717 211.661
74 363.294 209.133 367.717 211.661
75 363.294 209.344 367.717 211.661
76 363.714 209.344 367.717 211.661
77 363.714 209.344 367.717 211.661
78 363.714 209.344 367.717 211.661
79 364.344 209.552 367.717 211.661
80 364.765 209.975 367.717 211.661
81 365.189 209.975 367.717 211.661
82 365.611 210.184 367.717 211.661
83 365.821 210.184 367.717 211.661
84 365.821 210.184 367.717 211.661
85 365.821 210.184 367.717 211.661
86 366.031 210.184 367.717 211.661
87 366.031 210.184 367.717 211.661
88 366.241 210.395 367.717 211.661
89 366.241 210.608 367.717 211.661
90 366.241 210.608 367.717 211.661
91 366.452 210.608 367.717 211.661
92 366.452 210.608 367.717 211.661
93 366.664 210.608 367.717 211.661
94 366.874 210.608 367.717 211.661
95 366.874 210.608 367.717 211.661
96 366.874 210.819 367.717 211.661
97 366.874 211.026 367.717 211.661
98 367.086 211.026 367.717 211.661
99 367.297 211.026 367.717 211.661
