0 0 0 6613 3145
1 0 0 6613 3145
2 0 0 6613 3145
3 0 0 6613 3145
4 0 0 6613 3145
5 0 0 6613 3145
6 3 0 6613 3145
7 8 0 6613 3145
8 12 2 6613 3145
9 23 6 6613 3145
10 45 12 6613 3145
11 67 26 6613 3145
12 98 54 6613 3145
13 158 86 6613 3145
14 226 119 6613 3145
15 346 176 6613 3145
16 504 238 6613 3145
17 694 336 6613 3145
18 916 443 6613 3145
19 1183 567 6613 3145
20 1557 719 6613 3145
21 1927 910 6613 3145
22 2387 1118 6613 3145
23 2889 1342 6613 3145
24 3364 1550 6613 3145
25 3777 1761 6613 3145
26 4175 1929 6613 3145
27 4495 2082 6613 3145
28 4812 2237 6613 3145
29 5062 2368 6613 3145
30 5260 2473 6613 3145
31 5423 2564 6613 3145
32 5585 2633 6613 3145
33 5697 2693 6613 3145
34 5799 2749 6613 3145
35 5898 2793 6613 3145
36 5959 2837 6613 3145
37 6020 2874 6613 3145
38 6075 2910 6613 3145
39 6129 2925 6613 3145
40 6172 2946 6613 3145
41 6216 2966 6613 3145
42 6246 2976 6613 3145
43 6275 2987 6613 3145
44 6311 2999 6613 3145
45 6330 3008 6613 3145
46 6355 3016 6613 3145
47 6373 3026 6613 3145
48 6390 3039 6613 3145
49 6404 3053 6613 3145
50 6419 3058 6613 3145
51 6425 3069 6613 3145
52 6434 3073 6613 3145
53 6442 3079 6613 3145
54 6450 3081 6613 3145
55 6459 3084 6613 3145
56 6466 3086 6613 3145
57 6469 3090 6613 3145
58 6479 3094 6613 3145
59 6484 3095 6613 3145
60 6487 3098 6613 3145
61 6498 3100 6613 3145
62 6504 3102 6613 3145
63 6510 3103 6613 3145
64 6516 3105 6613 3145
65 6523 3108 6613 3145
66 6527 3110 6613 3145
67 6531 3113 6613 3145
68 6534 3113 6613 3145
69 6537 3116 6613 3145
70 6543 3117 6613 3145
71 6547 3119 6613 3145
72 6549 3121 6613 3145
73 6550 3122 6613 3145
74 6555 3124 6613 3145
75 6557 3125 6613 3145
76 6558 3128 6613 3145
77 6560 3129 6613 3145
78 6561 3130 6613 3145
79 6563 3131 6613 3145
80 6565 3131 6613 3145
81 6567 3132 6613 3145
82 6572 3132 6613 3145
83 6572 3132 6613 3145
84 6573 3133 6613 3145
85 6575 3134 6613 3145
86 6576 3134 6613 3145
87 6577 3134 6613 3145
88 6577 3134 6613 3145
89 6577 3135 6613 3145
90 6578 3135 6613 3145
91 6578 3136 6613 3145
92 6579 3136 6613 3145
93 6580 3136 6613 3145
94 6580 3136 6613 3145
95 6583 3136 6613 3145
96 6584 3136 6613 3145
97 6584 3136 6613 3145
98 6585 3137 6613 3145
99 6585 3139 6613 3145
