0 0 0 129.099 0
1 0 0 129.099 0
2 0 0 129.099 0
3 0 0 129.099 0
4 0 0 129.099 0
5 0 0 129.099 0
6 0 0 129.099 0
7 0 0 129.099 0
8 0 0 129.099 0
9 0 0 129.099 0
10 0 0 129.099 0
11 0.210669 0 129.099 0
12 0.210669 0 129.099 0
13 0.210669 0 129.099 0
14 0.210669 0 129.099 0
15 0.420375 0 129.099 0
16 1.05158 0 129.099 0
17 1.89752 0 129.099 0
18 1.89737 0 129.099 0
19 2.5272 0 129.099 0
20 3.58246 0 129.099 0
21 5.0575 0 129.099 0
22 6.11092 0 129.099 0
23 8.41823 0 129.099 0
24 11.151 0 129.099 0
25 14.3111 0 129.099 0
26 15.9958 0 129.099 0
27 18.9457 0 129.099 0
28 21.6843 0 129.099 0
29 25.8932 0 129.099 0
30 30.9428 0 129.099 0
31 36.202 0 129.099 0
32 41.4772 0 129.099 0
33 46.9566 0 129.099 0
34 53.9123 0 129.099 0
35 59.8101 0 129.099 0
36 65.7063 0 129.099 0
37 74.7578 0 129.099 0
38 80.2391 0 129.099 0
39 89.9267 0 129.099 0
40 95.8199 0 129.099 0
41 100.869 0 129.099 0
42 105.927 0 129.099 0
43 110.34 0 129.099 0
44 112.03 0 129.099 0
45 114.137 0 129.099 0
46 117.716 0 129.099 0
47 119.401 0 129.099 0
48 120.455 0 129.099 0
49 121.299 0 129.099 0
50 122.143 0 129.099 0
51 123.198 0 129.099 0
52 123.62 0 129.099 0
53 124.25 0 129.099 0
54 124.672 0 129.099 0
55 125.303 0 129.099 0
56 125.303 0 129.099 0
57 125.935 0 129.099 0
58 126.566 0 129.099 0
59 126.568 0 129.099 0
60 126.568 0 129.099 0
61 126.568 0 129.099 0
62 126.778 0 129.099 0
63 126.778 0 129.099 0
64 127.2 0 129.099 0
65 127.198 0 129.099 0
66 127.198 0 129.099 0
67 127.198 0 129.099 0
68 127.622 0 129.099 0
69 127.833 0 129.099 0
70 128.046 0 129.099 0
71 128.046 0 129.099 0
72 128.046 0 129.099 0
73 128.046 0 129.099 0
74 128.046 0 129.099 0
75 128.046 0 129.099 0
76 128.046 0 129.099 0
77 128.046 0 129.099 0
78 128.257 0 129.099 0
79 128.257 0 129.099 0
80 128.257 0 129.099 0
81 128.257 0 129.099 0
82 128.257 0 129.099 0
83 128.257 0 129.099 0
84 128.467 0 129.099 0
85 128.467 0 129.099 0
86 128.467 0 129.099 0
87 128.467 0 129.099 0
88 128.467 0 129.099 0
89 128.467 0 129.099 0
90 128.467 0 129.099 0
91 128.467 0 129.099 0
92 128.676 0 129.099 0
93 128.887 0 129.099 0
94 129.099 0 129.099 0
95 129.099 0 129.099 0
96 129.099 0 129.099 0
97 129.099 0 129.099 0
98 129.099 0 129.099 0
99 129.099 0 129.099 0
