0 462.005 233.456 462.005 233.456
1 462.005 233.456 462.005 233.456
2 462.005 233.456 462.005 233.456
3 462.005 233.456 462.005 233.456
4 462.005 233.456 462.005 233.456
5 462.005 233.456 462.005 233.456
6 462.005 233.456 462.005 233.456
7 462.005 233.456 462.005 233.456
8 462.005 233.456 462.005 233.456
9 462.005 233.456 462.005 233.456
10 462.005 233.456 462.005 233.456
11 461.578 233.668 462.005 233.456
12 461.365 233.241 462.005 233.456
13 460.937 233.026 462.005 233.456
14 459.445 232.386 462.005 233.456
15 458.809 232.385 462.005 233.456
16 456.883 231.107 462.005 233.456
17 455.174 229.614 462.005 233.456
18 451.742 228.759 462.005 233.456
19 447.692 226.836 462.005 233.456
20 443.633 224.272 462.005 233.456
21 437.862 222.565 462.005 233.456
22 430.385 221.283 462.005 233.456
23 423.773 217.437 462.005 233.456
24 416.292 211.885 462.005 233.456
25 407.965 208.037 462.005 233.456
26 398.564 203.555 462.005 233.456
27 389.596 199.494 462.005 233.456
28 377.851 195.008 462.005 233.456
29 361.836 187.116 462.005 233.456
30 348.604 177.507 462.005 233.456
31 328.091 167.893 462.005 233.456
32 309.916 157.422 462.005 233.456
33 289.842 145.89 462.005 233.456
34 271.033 135.628 462.005 233.456
35 245.601 123.453 462.005 233.456
36 221.705 113.191 462.005 233.456
37 194.569 98.6653 462.005 233.456
38 172.571 86.0316 462.005 233.456
39 148.034 70.6544 462.005 233.456
40 123.689 62.1228 462.005 233.456
41 105.13 49.9562 462.005 233.456
42 86.5282 43.9842 462.005 233.456
43 72.4352 38.2045 462.005 233.456
44 61.7348 32.2303 462.005 233.456
45 52.1259 28.1671 462.005 233.456
46 44.4347 23.9021 462.005 233.456
47 38.4455 21.7693 462.005 233.456
48 34.6005 18.1527 462.005 233.456
49 30.5417 15.5898 462.005 233.456
50 28.4009 14.31 462.005 233.456
51 26.0502 12.5988 462.005 233.456
52 22.4165 11.9606 462.005 233.456
53 19.8599 9.61159 462.005 233.456
54 17.94 7.47887 462.005 233.456
55 15.8079 7.05001 462.005 233.456
56 14.3131 6.19314 462.005 233.456
57 13.2397 5.55256 462.005 233.456
58 11.7396 5.3396 462.005 233.456
59 11.3156 4.70273 462.005 233.456
60 10.8874 4.05896 462.005 233.456
61 10.4594 3.84625 462.005 233.456
62 9.60867 3.41808 462.005 233.456
63 9.18197 2.77541 462.005 233.456
64 8.96772 2.77541 462.005 233.456
65 7.89993 2.77541 462.005 233.456
66 7.68855 2.77541 462.005 233.456
67 7.47271 2.77541 462.005 233.456
68 7.04682 2.5634 462.005 233.456
69 6.61989 2.35086 462.005 233.456
70 6.40522 2.35086 462.005 233.456
71 5.76097 1.92361 462.005 233.456
72 5.54749 1.28347 462.005 233.456
73 5.54749 1.28347 462.005 233.456
74 5.33076 1.28347 462.005 233.456
75 5.11651 1.28347 462.005 233.456
76 4.69206 1.28347 462.005 233.456
77 4.2666 1.06917 462.005 233.456
78 4.0533 1.06917 462.005 233.456
79 3.62857 1.06917 462.005 233.456
80 3.41561 1.06917 462.005 233.456
81 3.20304 0.855474 462.005 233.456
82 2.98912 0.855474 462.005 233.456
83 2.77486 0.642641 462.005 233.456
84 2.77486 0.642641 462.005 233.456
85 2.77486 0.642641 462.005 233.456
86 2.77486 0.427969 462.005 233.456
87 2.77486 0.427969 462.005 233.456
88 2.56064 0.427969 462.005 233.456
89 2.13386 0.427969 462.005 233.456
90 2.13386 0.427969 462.005 233.456
91 2.13386 0.427969 462.005 233.456
92 2.13386 0.427969 462.005 233.456
93 2.13386 0.427969 462.005 233.456
94 1.92074 0.427969 462.005 233.456
95 1.92074 0.427969 462.005 233.456
96 1.92074 0.427969 462.005 233.456
97 1.70682 0.427969 462.005 233.456
98 1.49438 0.427969 462.005 233.456
99 1.28185 0.427969 462.005 233.456
