0 0 0 455.998 257.955
1 0 0 455.998 257.955
2 0 0 455.998 257.955
3 0 0 455.998 257.955
4 0 0 455.998 257.955
5 0 0 455.998 257.955
6 0 0 455.998 257.955
7 0 0 455.998 257.955
8 0 0 455.998 257.955
9 0 0 455.998 257.955
10 0 0 455.998 257.955
11 1.05094 0.419718 455.998 257.955
12 1.26103 1.04948 455.998 257.955
13 2.31133 1.46681 455.998 257.955
14 3.57284 2.30759 455.998 257.955
15 6.09408 4.62402 455.998 257.955
16 7.565 5.45771 455.998 257.955
17 9.66316 6.50775 455.998 257.955
18 13.0221 9.6623 455.998 257.955
19 17.4353 11.7643 455.998 257.955
20 21.4262 15.7506 455.998 257.955
21 26.0534 18.0622 455.998 257.955
22 33.6146 20.7945 455.998 257.955
23 39.9153 24.1581 455.998 257.955
24 50.6277 29.189 455.998 257.955
25 60.9023 34.0232 455.998 257.955
26 70.5633 40.332 455.998 257.955
27 79.7965 45.1555 455.998 257.955
28 95.3307 53.1342 455.998 257.955
29 106.893 60.5089 455.998 257.955
30 125.791 71.4336 455.998 257.955
31 148.275 83.1976 455.998 257.955
32 168.431 97.4862 455.998 257.955
33 190.078 108.835 455.998 257.955
34 218.442 121.436 455.998 257.955
35 240.48 135.71 455.998 257.955
36 265.467 152.292 455.998 257.955
37 288.771 167.211 455.998 257.955
38 311.492 179.827 455.998 257.955
39 334.584 191.379 455.998 257.955
40 353.472 201.684 455.998 257.955
41 371.331 212.397 455.998 257.955
42 383.529 219.334 455.998 257.955
43 394.455 224.789 455.998 257.955
44 400.333 231.502 455.998 257.955
45 408.105 234.864 455.998 257.955
46 413.778 235.912 455.998 257.955
47 419.871 238.847 455.998 257.955
48 424.279 239.684 455.998 257.955
49 426.801 240.105 455.998 257.955
50 428.901 242.626 455.998 257.955
51 431.84 245.148 455.998 257.955
52 433.102 245.775 455.998 257.955
53 435.623 246.405 455.998 257.955
54 437.722 247.037 455.998 257.955
55 440.032 247.455 455.998 257.955
56 441.081 248.295 455.998 257.955
57 442.343 248.925 455.998 257.955
58 443.811 249.757 455.998 257.955
59 444.23 249.757 455.998 257.955
60 444.861 249.966 455.998 257.955
61 445.485 250.594 455.998 257.955
62 445.909 250.385 455.998 257.955
63 446.329 251.013 455.998 257.955
64 446.959 251.434 455.998 257.955
65 447.591 252.063 455.998 257.955
66 448.43 252.275 455.998 257.955
67 448.431 252.694 455.998 257.955
68 448.642 252.694 455.998 257.955
69 448.642 252.904 455.998 257.955
70 449.062 253.534 455.998 257.955
71 449.062 253.954 455.998 257.955
72 449.695 254.164 455.998 257.955
73 450.538 254.164 455.998 257.955
74 450.75 254.587 455.998 257.955
75 450.961 254.587 455.998 257.955
76 451.17 255.01 455.998 257.955
77 451.17 255.22 455.998 257.955
78 451.379 255.22 455.998 257.955
79 451.59 255.22 455.998 257.955
80 451.8 255.429 455.998 257.955
81 451.8 255.429 455.998 257.955
82 452.22 255.639 455.998 257.955
83 452.22 255.851 455.998 257.955
84 452.429 255.851 455.998 257.955
85 452.429 255.851 455.998 257.955
86 452.638 255.851 455.998 257.955
87 452.848 256.272 455.998 257.955
88 452.848 256.272 455.998 257.955
89 453.269 256.272 455.998 257.955
90 453.269 256.696 455.998 257.955
91 453.479 256.907 455.998 257.955
92 453.689 256.907 455.998 257.955
93 453.689 256.907 455.998 257.955
94 453.689 257.118 455.998 257.955
95 453.899 257.118 455.998 257.955
96 453.899 257.118 455.998 257.955
97 453.899 257.118 455.998 257.955
98 453.899 257.118 455.998 257.955
99 454.11 257.118 455.998 257.955
