0 0 0  1230.23 481.645
1 0 0  1230.23 481.645
2 0 0  1230.23 481.645
3 0 0  1230.23 481.645
4 0 0  1230.23 481.645
5 0 0  1230.23 481.645
6 0 0  1230.23 481.645
7 0 0  1230.23 481.645
8 0 0  1230.23 481.645
9 0 0  1230.23 481.645
10 0 0  1230.23 481.645
11 1.68052 0.419718  1230.23 481.645
12 2.52225 0.836437  1230.23 481.645
13 5.67889 1.88622  1230.23 481.645
14 7.99431 3.56805  1230.23 481.645
15 12.8248 6.30775  1230.23 481.645
16 18.7078 7.35147  1230.23 481.645
17 23.3307 8.82119  1230.23 481.645
18 29.84 13.023  1230.23 481.645
19 36.7664 17.439  1230.23 481.645
20 48.9463 22.686  1230.23 481.645
21 62.39 26.8857  1230.23 481.645
22 80.0325 34.0341  1230.23 481.645
23 97.8745 41.1804  1230.23 481.645
24 122.646 50.4138  1230.23 481.645
25 151.823 59.4458  1230.23 481.645
26 176.2 70.1647  1230.23 481.645
27 204.973 81.2908  1230.23 481.645
28 241.516 98.3031  1230.23 481.645
29 277.248 113.236  1230.23 481.645
30 323.454 132.987  1230.23 481.645
31 381.447 154.215  1230.23 481.645
32 434.151 176.689  1230.23 481.645
33 495.307 200.853  1230.23 481.645
34 565.03 226.051  1230.23 481.645
35 633.069 255.859  1230.23 481.645
36 701.538 283.988  1230.23 481.645
37 768.54 311.29  1230.23 481.645
38 836.425 334.411  1230.23 481.645
39 907.4 356.682  1230.23 481.645
40 961.768 376.435  1230.23 481.645
41 1001.45 394.498  1230.23 481.645
42 1034.02 408.992  1230.23 481.645
43 1057.56 418.856  1230.23 481.645
44 1074.78 429.986  1230.23 481.645
45 1092.84 437.546  1230.23 481.645
46 1109.04 440.274  1230.23 481.645
47 1123.33 445.103  1230.23 481.645
48 1134.25 446.994  1230.23 481.645
49 1143.07 448.888  1230.23 481.645
50 1150.42 453.298  1230.23 481.645
51 1157.77 456.241  1230.23 481.645
52 1161.77 458.128  1230.23 481.645
53 1168.06 459.178  1230.23 481.645
54 1172.47 460.019  1230.23 481.645
55 1177.72 460.86  1230.23 481.645
56 1182.76 462.542  1230.23 481.645
57 1186.96 463.382  1230.23 481.645
58 1190.32 464.425  1230.23 481.645
59 1193.26 465.263  1230.23 481.645
60 1195.57 465.892  1230.23 481.645
61 1197.25 466.728  1230.23 481.645
62 1198.93 467.355  1230.23 481.645
63 1200.62 469.451  1230.23 481.645
64 1201.67 470.295  1230.23 481.645
65 1204.4 471.554  1230.23 481.645
66 1206.08 471.765  1230.23 481.645
67 1207.55 472.394  1230.23 481.645
68 1208.81 472.814  1230.23 481.645
69 1210.07 473.232  1230.23 481.645
70 1211.33 474.072  1230.23 481.645
71 1211.75 474.492  1230.23 481.645
72 1213.22 474.912  1230.23 481.645
73 1214.27 475.122  1230.23 481.645
74 1214.69 475.755  1230.23 481.645
75 1215.53 475.755  1230.23 481.645
76 1216.58 476.388  1230.23 481.645
77 1216.79 476.809  1230.23 481.645
78 1217.42 476.809  1230.23 481.645
79 1217.84 476.809  1230.23 481.645
80 1218.47 477.018  1230.23 481.645
81 1218.68 477.018  1230.23 481.645
82 1219.52 477.019  1230.23 481.645
83 1219.73 477.231  1230.23 481.645
84 1219.94 477.231  1230.23 481.645
85 1220.57 477.231  1230.23 481.645
86 1220.78 477.231  1230.23 481.645
87 1220.99 477.652  1230.23 481.645
88 1220.99 477.862  1230.23 481.645
89 1222.04 477.862  1230.23 481.645
90 1222.46 478.286  1230.23 481.645
91 1222.67 478.707  1230.23 481.645
92 1223.31 478.707  1230.23 481.645
93 1223.31 478.707  1230.23 481.645
94 1223.31 478.918  1230.23 481.645
95 1223.52 478.921  1230.23 481.645
96 1223.73 478.921  1230.23 481.645
97 1223.73 478.921  1230.23 481.645
98 1223.94 478.921  1230.23 481.645
99 1224.15 478.921  1230.23 481.645
