0 0 0 674.602 377.497
1 0 0 674.602 377.497
2 0 0 674.602 377.497
3 0 0 674.602 377.497
4 0 0 674.602 377.497
5 0 0 674.602 377.497
6 0 0 674.602 377.497
7 0 0 674.602 377.497
8 0 0 674.602 377.497
9 0 0 674.602 377.497
10 0 0 674.602 377.497
11 0.889332 0.592354 674.602 377.497
12 2.36898 1.78185 674.602 377.497
13 8.90875 4.4606 674.602 377.497
14 17.2381 8.60914 674.602 377.497
15 30.9339 15.7217 674.602 377.497
16 51.4492 27.0317 674.602 377.497
17 82.3654 44.3036 674.602 377.497
18 111.508 61.8378 674.602 377.497
19 157.001 82.6322 674.602 377.497
20 200.998 104.61 674.602 377.497
21 246.206 126.903 674.602 377.497
22 289.019 149.181 674.602 377.497
23 326.492 170.888 674.602 377.497
24 365.433 195.561 674.602 377.497
25 401.709 216.66 674.602 377.497
26 431.711 239.553 674.602 377.497
27 465.9 257.672 674.602 377.497
28 492.352 273.436 674.602 377.497
29 513.479 287.121 674.602 377.497
30 533.392 301.974 674.602 377.497
31 549.752 313.568 674.602 377.497
32 568.492 322.793 674.602 377.497
33 580.394 329.638 674.602 377.497
34 591.399 335.872 674.602 377.497
35 601.807 342.414 674.602 377.497
36 609.531 346.289 674.602 377.497
37 617.242 348.666 674.602 377.497
38 622.879 352.239 674.602 377.497
39 628.233 354.616 674.602 377.497
40 631.792 358.482 674.602 377.497
41 635.357 361.755 674.602 377.497
42 639.809 364.128 674.602 377.497
43 643.386 365.313 674.602 377.497
44 645.474 365.904 674.602 377.497
45 648.147 367.089 674.602 377.497
46 650.233 368.282 674.602 377.497
47 652.613 369.176 674.602 377.497
48 653.504 370.365 674.602 377.497
49 654.987 370.365 674.602 377.497
50 656.767 370.959 674.602 377.497
51 657.36 371.851 674.602 377.497
52 657.95 371.554 674.602 377.497
53 658.84 372.441 674.602 377.497
54 659.737 373.036 674.602 377.497
55 660.33 373.628 674.602 377.497
56 661.22 373.628 674.602 377.497
57 662.411 373.628 674.602 377.497
58 663.895 373.628 674.602 377.497
59 664.192 374.222 674.602 377.497
60 664.491 374.222 674.602 377.497
61 664.491 374.222 674.602 377.497
62 664.791 374.222 674.602 377.497
63 665.685 374.522 674.602 377.497
64 665.685 374.522 674.602 377.497
65 665.984 374.522 674.602 377.497
66 666.283 374.522 674.602 377.497
67 667.178 374.522 674.602 377.497
68 667.471 374.522 674.602 377.497
69 667.471 375.117 674.602 377.497
70 667.768 375.117 674.602 377.497
71 667.47 375.117 674.602 377.497
72 667.47 375.417 674.602 377.497
73 667.47 375.417 674.602 377.497
74 668.066 375.717 674.602 377.497
75 668.362 375.717 674.602 377.497
76 668.362 375.717 674.602 377.497
77 668.362 375.717 674.602 377.497
78 668.959 375.717 674.602 377.497
79 668.959 375.717 674.602 377.497
80 669.256 375.717 674.602 377.497
81 669.256 375.717 674.602 377.497
82 669.256 376.015 674.602 377.497
83 669.256 376.015 674.602 377.497
84 669.556 376.015 674.602 377.497
85 670.443 376.312 674.602 377.497
86 670.741 376.312 674.602 377.497
87 670.741 376.312 674.602 377.497
88 671.04 376.312 674.602 377.497
89 671.336 376.312 674.602 377.497
90 671.336 376.609 674.602 377.497
91 671.631 376.906 674.602 377.497
92 671.927 376.906 674.602 377.497
93 672.52 376.906 674.602 377.497
94 672.52 376.906 674.602 377.497
95 672.52 376.906 674.602 377.497
96 672.817 376.906 674.602 377.497
97 673.114 376.906 674.602 377.497
98 673.114 376.906 674.602 377.497
99 673.114 376.906 674.602 377.497
