0 17.1476 11.9514 17.1476 11.9514
1 17.1476 11.9514 17.1476 11.9514
2 17.1476 11.9514 17.1476 11.9514
3 17.1476 11.9514 17.1476 11.9514
4 17.1476 11.9514 17.1476 11.9514
5 17.1476 11.9514 17.1476 11.9514
6 17.1476 11.9514 17.1476 11.9514
7 17.1476 11.9514 17.1476 11.9514
8 17.1476 11.9514 17.1476 11.9514
9 17.1476 11.9514 17.1476 11.9514
10 17.1476 11.9514 17.1476 11.9514
11 17.1476 11.9514 17.1476 11.9514
12 17.1476 11.9514 17.1476 11.9514
13 17.1476 11.9514 17.1476 11.9514
14 17.1476 11.6916 17.1476 11.9514
15 17.1476 11.4317 17.1476 11.9514
16 17.1476 11.4317 17.1476 11.9514
17 16.628 11.4317 17.1476 11.9514
18 16.628 11.4317 17.1476 11.9514
19 15.8485 11.4317 17.1476 11.9514
20 15.5887 11.4317 17.1476 11.9514
21 15.5887 11.1719 17.1476 11.9514
22 15.3289 11.1719 17.1476 11.9514
23 15.0691 11.1719 17.1476 11.9514
24 14.0299 10.9121 17.1476 11.9514
25 13.77 10.1327 17.1476 11.9514
26 13.5102 9.87286 17.1476 11.9514
27 13.2504 9.87286 17.1476 11.9514
28 12.471 9.61305 17.1476 11.9514
29 11.6916 9.35324 17.1476 11.9514
30 11.4317 9.09343 17.1476 11.9514
31 11.1719 8.31399 17.1476 11.9514
32 10.9121 8.05418 17.1476 11.9514
33 10.9121 7.79437 17.1476 11.9514
34 10.1327 7.79437 17.1476 11.9514
35 9.61305 6.75512 17.1476 11.9514
36 9.35324 6.23549 17.1476 11.9514
37 8.31399 5.97568 17.1476 11.9514
38 8.05418 5.97568 17.1476 11.9514
39 7.01493 5.45606 17.1476 11.9514
40 6.75512 4.93643 17.1476 11.9514
41 5.97568 3.63737 17.1476 11.9514
42 5.19624 3.11775 17.1476 11.9514
43 4.93643 3.11775 17.1476 11.9514
44 3.89718 2.59812 17.1476 11.9514
45 3.63737 2.0785 17.1476 11.9514
46 3.37756 2.0785 17.1476 11.9514
47 2.59812 0.779437 17.1476 11.9514
48 1.55887 0.779437 17.1476 11.9514
49 1.03925 0.259812 17.1476 11.9514
50 0 0 17.1476 11.9514
51 0 0 17.1476 11.9514
52 0 0 17.1476 11.9514
53 0 0 17.1476 11.9514
54 0 0 17.1476 11.9514
55 0 0 17.1476 11.9514
56 0 0 17.1476 11.9514
57 0 0 17.1476 11.9514
58 0 0 17.1476 11.9514
59 0 0 17.1476 11.9514
60 0 0 17.1476 11.9514
61 0 0 17.1476 11.9514
62 0 0 17.1476 11.9514
63 0 0 17.1476 11.9514
64 0 0 17.1476 11.9514
65 0 0 17.1476 11.9514
66 0 0 17.1476 11.9514
67 0 0 17.1476 11.9514
68 0 0 17.1476 11.9514
69 0 0 17.1476 11.9514
70 0 0 17.1476 11.9514
71 0 0 17.1476 11.9514
72 0 0 17.1476 11.9514
73 0 0 17.1476 11.9514
74 0 0 17.1476 11.9514
75 0 0 17.1476 11.9514
76 0 0 17.1476 11.9514
77 0 0 17.1476 11.9514
78 0 0 17.1476 11.9514
79 0 0 17.1476 11.9514
80 0 0 17.1476 11.9514
81 0 0 17.1476 11.9514
82 0 0 17.1476 11.9514
83 0 0 17.1476 11.9514
84 0 0 17.1476 11.9514
85 0 0 17.1476 11.9514
86 0 0 17.1476 11.9514
87 0 0 17.1476 11.9514
88 0 0 17.1476 11.9514
89 0 0 17.1476 11.9514
90 0 0 17.1476 11.9514
91 0 0 17.1476 11.9514
92 0 0 17.1476 11.9514
93 0 0 17.1476 11.9514
94 0 0 17.1476 11.9514
95 0 0 17.1476 11.9514
96 0 0 17.1476 11.9514
97 0 0 17.1476 11.9514
98 0 0 17.1476 11.9514
99 0 0 17.1476 11.9514
