0 7.01493 0 7.01493 0
1 7.01493 0 7.01493 0
2 7.01493 0 7.01493 0
3 7.01493 0 7.01493 0
4 7.01493 0 7.01493 0
5 7.01493 0 7.01493 0
6 7.01493 0 7.01493 0
7 7.01493 0 7.01493 0
8 7.01493 0 7.01493 0
9 7.01493 0 7.01493 0
10 7.01493 0 7.01493 0
11 7.01493 0 7.01493 0
12 7.01493 0 7.01493 0
13 7.01493 0 7.01493 0
14 7.01493 0 7.01493 0
15 7.01493 0 7.01493 0
16 7.01493 0 7.01493 0
17 7.01493 0 7.01493 0
18 7.01493 0 7.01493 0
19 6.75512 0 7.01493 0
20 6.75512 0 7.01493 0
21 6.75512 0 7.01493 0
22 6.49531 0 7.01493 0
23 6.49531 0 7.01493 0
24 5.97568 0 7.01493 0
25 5.97568 0 7.01493 0
26 5.97568 0 7.01493 0
27 5.71587 0 7.01493 0
28 5.19624 0 7.01493 0
29 5.19624 0 7.01493 0
30 5.19624 0 7.01493 0
31 5.19624 0 7.01493 0
32 4.93643 0 7.01493 0
33 4.41681 0 7.01493 0
34 4.157 0 7.01493 0
35 3.63737 0 7.01493 0
36 3.37756 0 7.01493 0
37 3.37756 0 7.01493 0
38 3.11775 0 7.01493 0
39 3.11775 0 7.01493 0
40 2.59812 0 7.01493 0
41 2.59812 0 7.01493 0
42 2.33831 0 7.01493 0
43 1.81869 0 7.01493 0
44 1.03925 0 7.01493 0
45 1.03925 0 7.01493 0
46 1.03925 0 7.01493 0
47 1.03925 0 7.01493 0
48 1.03925 0 7.01493 0
49 0.259812 0 7.01493 0
50 0 0 7.01493 0
51 0 0 7.01493 0
52 0 0 7.01493 0
53 0 0 7.01493 0
54 0 0 7.01493 0
55 0 0 7.01493 0
56 0 0 7.01493 0
57 0 0 7.01493 0
58 0 0 7.01493 0
59 0 0 7.01493 0
60 0 0 7.01493 0
61 0 0 7.01493 0
62 0 0 7.01493 0
63 0 0 7.01493 0
64 0 0 7.01493 0
65 0 0 7.01493 0
66 0 0 7.01493 0
67 0 0 7.01493 0
68 0 0 7.01493 0
69 0 0 7.01493 0
70 0 0 7.01493 0
71 0 0 7.01493 0
72 0 0 7.01493 0
73 0 0 7.01493 0
74 0 0 7.01493 0
75 0 0 7.01493 0
76 0 0 7.01493 0
77 0 0 7.01493 0
78 0 0 7.01493 0
79 0 0 7.01493 0
80 0 0 7.01493 0
81 0 0 7.01493 0
82 0 0 7.01493 0
83 0 0 7.01493 0
84 0 0 7.01493 0
85 0 0 7.01493 0
86 0 0 7.01493 0
87 0 0 7.01493 0
88 0 0 7.01493 0
89 0 0 7.01493 0
90 0 0 7.01493 0
91 0 0 7.01493 0
92 0 0 7.01493 0
93 0 0 7.01493 0
94 0 0 7.01493 0
95 0 0 7.01493 0
96 0 0 7.01493 0
97 0 0 7.01493 0
98 0 0 7.01493 0
99 0 0 7.01493 0
