0 12.471 0 12.471 0
1 12.471 0 12.471 0
2 12.471 0 12.471 0
3 12.471 0 12.471 0
4 12.471 0 12.471 0
5 12.471 0 12.471 0
6 12.471 0 12.471 0
7 12.471 0 12.471 0
8 12.471 0 12.471 0
9 12.471 0 12.471 0
10 12.471 0 12.471 0
11 12.471 0 12.471 0
12 12.471 0 12.471 0
13 12.471 0 12.471 0
14 12.471 0 12.471 0
15 12.471 0 12.471 0
16 12.471 0 12.471 0
17 12.471 0 12.471 0
18 12.471 0 12.471 0
19 12.471 0 12.471 0
20 12.2112 0 12.471 0
21 12.2112 0 12.471 0
22 11.4317 0 12.471 0
23 10.9121 0 12.471 0
24 10.6523 0 12.471 0
25 10.6523 0 12.471 0
26 10.3925 0 12.471 0
27 10.3925 0 12.471 0
28 9.87286 0 12.471 0
29 9.61305 0 12.471 0
30 9.35324 0 12.471 0
31 9.35324 0 12.471 0
32 9.09343 0 12.471 0
33 8.83362 0 12.471 0
34 8.5738 0 12.471 0
35 8.5738 0 12.471 0
36 7.27474 0 12.471 0
37 7.01493 0 12.471 0
38 6.75512 0 12.471 0
39 6.49531 0 12.471 0
40 5.71587 0 12.471 0
41 4.93643 0 12.471 0
42 4.67662 0 12.471 0
43 3.63737 0 12.471 0
44 3.37756 0 12.471 0
45 2.85793 0 12.471 0
46 2.0785 0 12.471 0
47 1.81869 0 12.471 0
48 1.29906 0 12.471 0
49 0.519624 0 12.471 0
50 0 0 12.471 0
51 0 0 12.471 0
52 0 0 12.471 0
53 0 0 12.471 0
54 0 0 12.471 0
55 0 0 12.471 0
56 0 0 12.471 0
57 0 0 12.471 0
58 0 0 12.471 0
59 0 0 12.471 0
60 0 0 12.471 0
61 0 0 12.471 0
62 0 0 12.471 0
63 0 0 12.471 0
64 0 0 12.471 0
65 0 0 12.471 0
66 0 0 12.471 0
67 0 0 12.471 0
68 0 0 12.471 0
69 0 0 12.471 0
70 0 0 12.471 0
71 0 0 12.471 0
72 0 0 12.471 0
73 0 0 12.471 0
74 0 0 12.471 0
75 0 0 12.471 0
76 0 0 12.471 0
77 0 0 12.471 0
78 0 0 12.471 0
79 0 0 12.471 0
80 0 0 12.471 0
81 0 0 12.471 0
82 0 0 12.471 0
83 0 0 12.471 0
84 0 0 12.471 0
85 0 0 12.471 0
86 0 0 12.471 0
87 0 0 12.471 0
88 0 0 12.471 0
89 0 0 12.471 0
90 0 0 12.471 0
91 0 0 12.471 0
92 0 0 12.471 0
93 0 0 12.471 0
94 0 0 12.471 0
95 0 0 12.471 0
96 0 0 12.471 0
97 0 0 12.471 0
98 0 0 12.471 0
99 0 0 12.471 0
