0 0 0 7.01493 0
1 0 0 7.01493 0
2 0 0 7.01493 0
3 0 0 7.01493 0
4 0 0 7.01493 0
5 0 0 7.01493 0
6 0 0 7.01493 0
7 0 0 7.01493 0
8 0 0 7.01493 0
9 0 0 7.01493 0
10 0 0 7.01493 0
11 0 0 7.01493 0
12 0 0 7.01493 0
13 0 0 7.01493 0
14 0 0 7.01493 0
15 0 0 7.01493 0
16 0 0 7.01493 0
17 0 0 7.01493 0
18 0 0 7.01493 0
19 0.259812 0 7.01493 0
20 0.259812 0 7.01493 0
21 0.259812 0 7.01493 0
22 0.519624 0 7.01493 0
23 0.519624 0 7.01493 0
24 1.03925 0 7.01493 0
25 1.03925 0 7.01493 0
26 1.03925 0 7.01493 0
27 1.29906 0 7.01493 0
28 1.81869 0 7.01493 0
29 1.81869 0 7.01493 0
30 1.81869 0 7.01493 0
31 1.81869 0 7.01493 0
32 2.0785 0 7.01493 0
33 2.59812 0 7.01493 0
34 2.85793 0 7.01493 0
35 3.37756 0 7.01493 0
36 3.63737 0 7.01493 0
37 3.63737 0 7.01493 0
38 3.89718 0 7.01493 0
39 3.89718 0 7.01493 0
40 4.41681 0 7.01493 0
41 4.41681 0 7.01493 0
42 4.67662 0 7.01493 0
43 5.19624 0 7.01493 0
44 5.97568 0 7.01493 0
45 5.97568 0 7.01493 0
46 5.97568 0 7.01493 0
47 5.97568 0 7.01493 0
48 5.97568 0 7.01493 0
49 6.75512 0 7.01493 0
50 7.01493 0 7.01493 0
51 7.01493 0 7.01493 0
52 7.01493 0 7.01493 0
53 7.01493 0 7.01493 0
54 7.01493 0 7.01493 0
55 7.01493 0 7.01493 0
56 7.01493 0 7.01493 0
57 7.01493 0 7.01493 0
58 7.01493 0 7.01493 0
59 7.01493 0 7.01493 0
60 7.01493 0 7.01493 0
61 7.01493 0 7.01493 0
62 7.01493 0 7.01493 0
63 7.01493 0 7.01493 0
64 7.01493 0 7.01493 0
65 7.01493 0 7.01493 0
66 7.01493 0 7.01493 0
67 7.01493 0 7.01493 0
68 7.01493 0 7.01493 0
69 7.01493 0 7.01493 0
70 7.01493 0 7.01493 0
71 7.01493 0 7.01493 0
72 7.01493 0 7.01493 0
73 7.01493 0 7.01493 0
74 7.01493 0 7.01493 0
75 7.01493 0 7.01493 0
76 7.01493 0 7.01493 0
77 7.01493 0 7.01493 0
78 7.01493 0 7.01493 0
79 7.01493 0 7.01493 0
80 7.01493 0 7.01493 0
81 7.01493 0 7.01493 0
82 7.01493 0 7.01493 0
83 7.01493 0 7.01493 0
84 7.01493 0 7.01493 0
85 7.01493 0 7.01493 0
86 7.01493 0 7.01493 0
87 7.01493 0 7.01493 0
88 7.01493 0 7.01493 0
89 7.01493 0 7.01493 0
90 7.01493 0 7.01493 0
91 7.01493 0 7.01493 0
92 7.01493 0 7.01493 0
93 7.01493 0 7.01493 0
94 7.01493 0 7.01493 0
95 7.01493 0 7.01493 0
96 7.01493 0 7.01493 0
97 7.01493 0 7.01493 0
98 7.01493 0 7.01493 0
99 7.01493 0 7.01493 0
