0 0 0 16.8878 9.35324
1 0 0 16.8878 9.35324
2 0 0 16.8878 9.35324
3 0 0 16.8878 9.35324
4 0 0 16.8878 9.35324
5 0 0 16.8878 9.35324
6 0 0 16.8878 9.35324
7 0 0 16.8878 9.35324
8 0 0 16.8878 9.35324
9 0 0 16.8878 9.35324
10 0 0 16.8878 9.35324
11 0 0 16.8878 9.35324
12 0 0 16.8878 9.35324
13 0.259812 0 16.8878 9.35324
14 0.259812 0.259812 16.8878 9.35324
15 0.259812 0.259812 16.8878 9.35324
16 0.259812 0.259812 16.8878 9.35324
17 0.519624 0.259812 16.8878 9.35324
18 0.779437 0.259812 16.8878 9.35324
19 0.779437 0.259812 16.8878 9.35324
20 0.779437 0.259812 16.8878 9.35324
21 1.03925 0.519624 16.8878 9.35324
22 1.29906 0.519624 16.8878 9.35324
23 1.81869 0.519624 16.8878 9.35324
24 1.81869 0.519624 16.8878 9.35324
25 2.33831 0.519624 16.8878 9.35324
26 2.59812 0.779437 16.8878 9.35324
27 2.85793 1.03925 16.8878 9.35324
28 3.11775 1.55887 16.8878 9.35324
29 3.63737 2.0785 16.8878 9.35324
30 3.63737 2.0785 16.8878 9.35324
31 4.157 2.59812 16.8878 9.35324
32 4.67662 2.85793 16.8878 9.35324
33 5.19624 3.63737 16.8878 9.35324
34 5.97568 4.41681 16.8878 9.35324
35 6.23549 4.41681 16.8878 9.35324
36 6.75512 4.67662 16.8878 9.35324
37 7.53455 4.67662 16.8878 9.35324
38 8.83362 5.19624 16.8878 9.35324
39 9.61305 5.45606 16.8878 9.35324
40 10.3925 5.71587 16.8878 9.35324
41 10.9121 6.23549 16.8878 9.35324
42 11.6916 6.49531 16.8878 9.35324
43 12.471 6.75512 16.8878 9.35324
44 13.2504 6.75512 16.8878 9.35324
45 13.77 7.01493 16.8878 9.35324
46 14.2897 7.27474 16.8878 9.35324
47 14.8093 7.79437 16.8878 9.35324
48 15.0691 8.31399 16.8878 9.35324
49 15.3289 8.5738 16.8878 9.35324
50 16.8878 9.35324 16.8878 9.35324
51 16.8878 9.35324 16.8878 9.35324
52 16.8878 9.35324 16.8878 9.35324
53 16.8878 9.35324 16.8878 9.35324
54 16.8878 9.35324 16.8878 9.35324
55 16.8878 9.35324 16.8878 9.35324
56 16.8878 9.35324 16.8878 9.35324
57 16.8878 9.35324 16.8878 9.35324
58 16.8878 9.35324 16.8878 9.35324
59 16.8878 9.35324 16.8878 9.35324
60 16.8878 9.35324 16.8878 9.35324
61 16.8878 9.35324 16.8878 9.35324
62 16.8878 9.35324 16.8878 9.35324
63 16.8878 9.35324 16.8878 9.35324
64 16.8878 9.35324 16.8878 9.35324
65 16.8878 9.35324 16.8878 9.35324
66 16.8878 9.35324 16.8878 9.35324
67 16.8878 9.35324 16.8878 9.35324
68 16.8878 9.35324 16.8878 9.35324
69 16.8878 9.35324 16.8878 9.35324
70 16.8878 9.35324 16.8878 9.35324
71 16.8878 9.35324 16.8878 9.35324
72 16.8878 9.35324 16.8878 9.35324
73 16.8878 9.35324 16.8878 9.35324
74 16.8878 9.35324 16.8878 9.35324
75 16.8878 9.35324 16.8878 9.35324
76 16.8878 9.35324 16.8878 9.35324
77 16.8878 9.35324 16.8878 9.35324
78 16.8878 9.35324 16.8878 9.35324
79 16.8878 9.35324 16.8878 9.35324
80 16.8878 9.35324 16.8878 9.35324
81 16.8878 9.35324 16.8878 9.35324
82 16.8878 9.35324 16.8878 9.35324
83 16.8878 9.35324 16.8878 9.35324
84 16.8878 9.35324 16.8878 9.35324
85 16.8878 9.35324 16.8878 9.35324
86 16.8878 9.35324 16.8878 9.35324
87 16.8878 9.35324 16.8878 9.35324
88 16.8878 9.35324 16.8878 9.35324
89 16.8878 9.35324 16.8878 9.35324
90 16.8878 9.35324 16.8878 9.35324
91 16.8878 9.35324 16.8878 9.35324
92 16.8878 9.35324 16.8878 9.35324
93 16.8878 9.35324 16.8878 9.35324
94 16.8878 9.35324 16.8878 9.35324
95 16.8878 9.35324 16.8878 9.35324
96 16.8878 9.35324 16.8878 9.35324
97 16.8878 9.35324 16.8878 9.35324
98 16.8878 9.35324 16.8878 9.35324
99 16.8878 9.35324 16.8878 9.35324
