0 53.5213 21.3046 53.5213 21.3046
1 53.5213 21.3046 53.5213 21.3046
2 53.5213 21.3046 53.5213 21.3046
3 53.5213 21.3046 53.5213 21.3046
4 53.5213 21.3046 53.5213 21.3046
5 53.5213 21.3046 53.5213 21.3046
6 53.5213 21.3046 53.5213 21.3046
7 53.5213 21.3046 53.5213 21.3046
8 53.5213 21.3046 53.5213 21.3046
9 53.5213 21.3046 53.5213 21.3046
10 53.5213 21.3046 53.5213 21.3046
11 53.5213 21.3046 53.5213 21.3046
12 53.5213 21.3046 53.5213 21.3046
13 53.2615 21.3046 53.5213 21.3046
14 53.2615 20.785 53.5213 21.3046
15 53.2615 20.5252 53.5213 21.3046
16 53.2615 20.5252 53.5213 21.3046
17 52.4821 20.5252 53.5213 21.3046
18 52.2223 20.5252 53.5213 21.3046
19 51.183 20.5252 53.5213 21.3046
20 50.6634 20.5252 53.5213 21.3046
21 50.4036 20.0055 53.5213 21.3046
22 48.8447 20.0055 53.5213 21.3046
23 47.5456 20.0055 53.5213 21.3046
24 45.727 19.7457 53.5213 21.3046
25 44.9475 18.9663 53.5213 21.3046
26 44.1681 18.4467 53.5213 21.3046
27 43.3886 18.1869 53.5213 21.3046
28 41.3101 17.4074 53.5213 21.3046
29 39.7513 16.628 53.5213 21.3046
30 39.2316 16.3682 53.5213 21.3046
31 38.4522 15.0691 53.5213 21.3046
32 37.1531 14.5495 53.5213 21.3046
33 35.8541 13.5102 53.5213 21.3046
34 33.7756 12.7308 53.5213 21.3046
35 32.4765 11.6916 53.5213 21.3046
36 30.1382 10.9121 53.5213 21.3046
37 28.0597 10.6523 53.5213 21.3046
38 25.9812 10.1327 53.5213 21.3046
39 23.9027 9.35324 53.5213 21.3046
40 21.5644 8.5738 53.5213 21.3046
41 19.4859 6.75512 53.5213 21.3046
42 17.4074 5.97568 53.5213 21.3046
43 14.8093 5.71587 53.5213 21.3046
44 11.9514 5.19624 53.5213 21.3046
45 10.6523 4.41681 53.5213 21.3046
46 9.09343 4.157 53.5213 21.3046
47 7.53455 2.33831 53.5213 21.3046
48 5.71587 1.81869 53.5213 21.3046
49 3.37756 1.03925 53.5213 21.3046
50 0 0 53.5213 21.3046
51 0 0 53.5213 21.3046
52 0 0 53.5213 21.3046
53 0 0 53.5213 21.3046
54 0 0 53.5213 21.3046
55 0 0 53.5213 21.3046
56 0 0 53.5213 21.3046
57 0 0 53.5213 21.3046
58 0 0 53.5213 21.3046
59 0 0 53.5213 21.3046
60 0 0 53.5213 21.3046
61 0 0 53.5213 21.3046
62 0 0 53.5213 21.3046
63 0 0 53.5213 21.3046
64 0 0 53.5213 21.3046
65 0 0 53.5213 21.3046
66 0 0 53.5213 21.3046
67 0 0 53.5213 21.3046
68 0 0 53.5213 21.3046
69 0 0 53.5213 21.3046
70 0 0 53.5213 21.3046
71 0 0 53.5213 21.3046
72 0 0 53.5213 21.3046
73 0 0 53.5213 21.3046
74 0 0 53.5213 21.3046
75 0 0 53.5213 21.3046
76 0 0 53.5213 21.3046
77 0 0 53.5213 21.3046
78 0 0 53.5213 21.3046
79 0 0 53.5213 21.3046
80 0 0 53.5213 21.3046
81 0 0 53.5213 21.3046
82 0 0 53.5213 21.3046
83 0 0 53.5213 21.3046
84 0 0 53.5213 21.3046
85 0 0 53.5213 21.3046
86 0 0 53.5213 21.3046
87 0 0 53.5213 21.3046
88 0 0 53.5213 21.3046
89 0 0 53.5213 21.3046
90 0 0 53.5213 21.3046
91 0 0 53.5213 21.3046
92 0 0 53.5213 21.3046
93 0 0 53.5213 21.3046
94 0 0 53.5213 21.3046
95 0 0 53.5213 21.3046
96 0 0 53.5213 21.3046
97 0 0 53.5213 21.3046
98 0 0 53.5213 21.3046
99 0 0 53.5213 21.3046
