0 0 0 17.1476 11.9514
1 0 0 17.1476 11.9514
2 0 0 17.1476 11.9514
3 0 0 17.1476 11.9514
4 0 0 17.1476 11.9514
5 0 0 17.1476 11.9514
6 0 0 17.1476 11.9514
7 0 0 17.1476 11.9514
8 0 0 17.1476 11.9514
9 0 0 17.1476 11.9514
10 0 0 17.1476 11.9514
11 0 0 17.1476 11.9514
12 0 0 17.1476 11.9514
13 0 0 17.1476 11.9514
14 0 0.259812 17.1476 11.9514
15 0 0.519624 17.1476 11.9514
16 0 0.519624 17.1476 11.9514
17 0.519624 0.519624 17.1476 11.9514
18 0.519624 0.519624 17.1476 11.9514
19 1.29906 0.519624 17.1476 11.9514
20 1.55887 0.519624 17.1476 11.9514
21 1.55887 0.779437 17.1476 11.9514
22 1.81869 0.779437 17.1476 11.9514
23 2.0785 0.779437 17.1476 11.9514
24 3.11775 1.03925 17.1476 11.9514
25 3.37756 1.81869 17.1476 11.9514
26 3.63737 2.0785 17.1476 11.9514
27 3.89718 2.0785 17.1476 11.9514
28 4.67662 2.33831 17.1476 11.9514
29 5.45606 2.59812 17.1476 11.9514
30 5.71587 2.85793 17.1476 11.9514
31 5.97568 3.63737 17.1476 11.9514
32 6.23549 3.89718 17.1476 11.9514
33 6.23549 4.157 17.1476 11.9514
34 7.01493 4.157 17.1476 11.9514
35 7.53455 5.19624 17.1476 11.9514
36 7.79437 5.71587 17.1476 11.9514
37 8.83362 5.97568 17.1476 11.9514
38 9.09343 5.97568 17.1476 11.9514
39 10.1327 6.49531 17.1476 11.9514
40 10.3925 7.01493 17.1476 11.9514
41 11.1719 8.31399 17.1476 11.9514
42 11.9514 8.83362 17.1476 11.9514
43 12.2112 8.83362 17.1476 11.9514
44 13.2504 9.35324 17.1476 11.9514
45 13.5102 9.87286 17.1476 11.9514
46 13.77 9.87286 17.1476 11.9514
47 14.5495 11.1719 17.1476 11.9514
48 15.5887 11.1719 17.1476 11.9514
49 16.1084 11.6916 17.1476 11.9514
50 17.1476 11.9514 17.1476 11.9514
51 17.1476 11.9514 17.1476 11.9514
52 17.1476 11.9514 17.1476 11.9514
53 17.1476 11.9514 17.1476 11.9514
54 17.1476 11.9514 17.1476 11.9514
55 17.1476 11.9514 17.1476 11.9514
56 17.1476 11.9514 17.1476 11.9514
57 17.1476 11.9514 17.1476 11.9514
58 17.1476 11.9514 17.1476 11.9514
59 17.1476 11.9514 17.1476 11.9514
60 17.1476 11.9514 17.1476 11.9514
61 17.1476 11.9514 17.1476 11.9514
62 17.1476 11.9514 17.1476 11.9514
63 17.1476 11.9514 17.1476 11.9514
64 17.1476 11.9514 17.1476 11.9514
65 17.1476 11.9514 17.1476 11.9514
66 17.1476 11.9514 17.1476 11.9514
67 17.1476 11.9514 17.1476 11.9514
68 17.1476 11.9514 17.1476 11.9514
69 17.1476 11.9514 17.1476 11.9514
70 17.1476 11.9514 17.1476 11.9514
71 17.1476 11.9514 17.1476 11.9514
72 17.1476 11.9514 17.1476 11.9514
73 17.1476 11.9514 17.1476 11.9514
74 17.1476 11.9514 17.1476 11.9514
75 17.1476 11.9514 17.1476 11.9514
76 17.1476 11.9514 17.1476 11.9514
77 17.1476 11.9514 17.1476 11.9514
78 17.1476 11.9514 17.1476 11.9514
79 17.1476 11.9514 17.1476 11.9514
80 17.1476 11.9514 17.1476 11.9514
81 17.1476 11.9514 17.1476 11.9514
82 17.1476 11.9514 17.1476 11.9514
83 17.1476 11.9514 17.1476 11.9514
84 17.1476 11.9514 17.1476 11.9514
85 17.1476 11.9514 17.1476 11.9514
86 17.1476 11.9514 17.1476 11.9514
87 17.1476 11.9514 17.1476 11.9514
88 17.1476 11.9514 17.1476 11.9514
89 17.1476 11.9514 17.1476 11.9514
90 17.1476 11.9514 17.1476 11.9514
91 17.1476 11.9514 17.1476 11.9514
92 17.1476 11.9514 17.1476 11.9514
93 17.1476 11.9514 17.1476 11.9514
94 17.1476 11.9514 17.1476 11.9514
95 17.1476 11.9514 17.1476 11.9514
96 17.1476 11.9514 17.1476 11.9514
97 17.1476 11.9514 17.1476 11.9514
98 17.1476 11.9514 17.1476 11.9514
99 17.1476 11.9514 17.1476 11.9514
