0 0 0 4157 1437 4157 1437
1 0 0 4157 1437 4157 1437
2 0 0 4157 1437 4157 1437
3 0 0 4157 1437 4157 1437
4 0 0 4157 1437 4157 1437
5 0 0 4157 1437 4157 1437
6 0 0 4157 1437 4157 1437
7 0 0 4157 1437 4157 1437
8 0 0 4157 1437 4157 1437
9 0 0 4157 1437 4157 1437
10 0 0 4157 1437 4157 1437
11 3 1 4154 1436 4157 1437
12 7 2 4150 1435 4157 1437
13 9 4 4148 1433 4157 1437
14 18 5 4139 1432 4157 1437
15 24 7 4133 1430 4157 1437
16 30 8 4127 1429 4157 1437
17 40 13 4117 1424 4157 1437
18 53 16 4104 1421 4157 1437
19 67 23 4090 1414 4157 1437
20 76 28 4081 1409 4157 1437
21 93 31 4064 1406 4157 1437
22 111 36 4046 1401 4157 1437
23 140 46 4017 1391 4157 1437
24 159 53 3998 1384 4157 1437
25 184 59 3973 1378 4157 1437
26 217 70 3940 1367 4157 1437
27 244 82 3913 1355 4157 1437
28 281 87 3876 1350 4157 1437
29 321 99 3836 1338 4157 1437
30 349 110 3808 1327 4157 1437
31 393 123 3764 1314 4157 1437
32 431 137 3726 1300 4157 1437
33 475 148 3682 1289 4157 1437
34 520 165 3637 1272 4157 1437
35 561 178 3596 1259 4157 1437
36 609 190 3548 1247 4157 1437
37 656 208 3501 1229 4157 1437
38 701 229 3456 1208 4157 1437
39 745 243 3412 1194 4157 1437
40 788 263 3369 1174 4157 1437
41 842 281 3315 1156 4157 1437
42 894 302 3263 1135 4157 1437
43 946 318 3211 1119 4157 1437
44 1002 338 3155 1099 4157 1437
45 1059 362 3098 1075 4157 1437
46 1125 382 3032 1055 4157 1437
47 1173 403 2984 1034 4157 1437
48 1222 423 2935 1014 4157 1437
49 1267 448 2890 989 4157 1437
50 1324 465 2833 972 4157 1437
51 1381 482 2776 955 4157 1437
52 1427 508 2730 929 4157 1437
53 1479 515 2678 922 4157 1437
54 1536 532 2621 905 4157 1437
55 1581 564 2576 873 4157 1437
56 1649 586 2508 851 4157 1437
57 1708 607 2449 830 4157 1437
58 1754 625 2403 812 4157 1437
59 1823 633 2334 804 4157 1437
60 1869 650 2288 787 4157 1437
61 1930 669 2227 768 4157 1437
62 1988 686 2169 751 4157 1437
63 2037 698 2120 739 4157 1437
64 2092 711 2065 726 4157 1437
65 2143 730 2014 707 4157 1437
66 2188 753 1969 684 4157 1437
67 2230 766 1927 671 4157 1437
68 2282 783 1875 654 4157 1437
69 2331 807 1826 630 4157 1437
70 2364 828 1793 609 4157 1437
71 2407 846 1750 591 4157 1437
72 2454 859 1703 578 4157 1437
73 2498 878 1659 559 4157 1437
74 2535 885 1622 552 4157 1437
75 2576 905 1581 532 4157 1437
76 2625 923 1532 514 4157 1437
77 2663 933 1494 504 4157 1437
78 2709 941 1448 496 4157 1437
79 2755 958 1402 479 4157 1437
80 2795 973 1362 464 4157 1437
81 2834 989 1323 448 4157 1437
82 2865 997 1292 440 4157 1437
83 2897 1011 1260 426 4157 1437
84 2938 1021 1219 416 4157 1437
85 2964 1029 1193 408 4157 1437
86 3002 1043 1155 394 4157 1437
87 3049 1051 1108 386 4157 1437
88 3079 1061 1078 376 4157 1437
89 3103 1074 1054 363 4157 1437
90 3129 1082 1028 355 4157 1437
91 3161 1092 996 345 4157 1437
92 3186 1100 971 337 4157 1437
93 3213 1109 944 328 4157 1437
94 3237 1116 920 321 4157 1437
95 3263 1125 894 312 4157 1437
96 3291 1135 866 302 4157 1437
97 3309 1142 848 295 4157 1437
98 3334 1146 823 291 4157 1437
99 3351 1157 806 280 4157 1437
