0 208.719 0 208.719 0
1 208.719 0 208.719 0
2 208.719 0 208.719 0
3 208.719 0 208.719 0
4 208.719 0 208.719 0
5 208.719 0 208.719 0
6 208.719 0 208.719 0
7 208.719 0 208.719 0
8 208.719 0 208.719 0
9 208.719 0 208.719 0
10 208.719 0 208.719 0
11 206.768 0 208.719 0
12 206.768 0 208.719 0
13 202.867 0 208.719 0
14 198.966 0 208.719 0
15 195.064 0 208.719 0
16 187.262 0 208.719 0
17 179.459 0 208.719 0
18 173.607 0 208.719 0
19 163.854 0 208.719 0
20 156.052 0 208.719 0
21 154.101 0 208.719 0
22 136.545 0 208.719 0
23 130.693 0 208.719 0
24 118.989 0 208.719 0
25 113.137 0 208.719 0
26 103.384 0 208.719 0
27 93.6309 0 208.719 0
28 81.927 0 208.719 0
29 78.0258 0 208.719 0
30 74.1245 0 208.719 0
31 72.1738 0 208.719 0
32 64.3713 0 208.719 0
33 56.5687 0 208.719 0
34 48.7661 0 208.719 0
35 46.8155 0 208.719 0
36 37.0622 0 208.719 0
37 35.1116 0 208.719 0
38 33.1609 0 208.719 0
39 35.1116 0 208.719 0
40 19.5064 0 208.719 0
41 15.6052 0 208.719 0
42 11.7039 0 208.719 0
43 13.6545 0 208.719 0
44 7.80258 0 208.719 0
45 7.80258 0 208.719 0
46 7.80258 0 208.719 0
47 3.90129 0 208.719 0
48 0 0 208.719 0
49 1.95064 0 208.719 0
50 0 0 208.719 0
51 0 0 208.719 0
52 0 0 208.719 0
53 0 0 208.719 0
54 0 0 208.719 0
55 0 0 208.719 0
56 0 0 208.719 0
57 0 0 208.719 0
58 0 0 208.719 0
59 0 0 208.719 0
60 0 0 208.719 0
61 0 0 208.719 0
62 0 0 208.719 0
63 0 0 208.719 0
64 0 0 208.719 0
65 0 0 208.719 0
66 0 0 208.719 0
67 0 0 208.719 0
68 0 0 208.719 0
69 0 0 208.719 0
70 0 0 208.719 0
71 0 0 208.719 0
72 0 0 208.719 0
73 0 0 208.719 0
74 0 0 208.719 0
75 0 0 208.719 0
76 0 0 208.719 0
77 0 0 208.719 0
78 0 0 208.719 0
79 0 0 208.719 0
80 0 0 208.719 0
81 0 0 208.719 0
82 0 0 208.719 0
83 0 0 208.719 0
84 0 0 208.719 0
85 0 0 208.719 0
86 0 0 208.719 0
87 0 0 208.719 0
88 0 0 208.719 0
89 0 0 208.719 0
90 0 0 208.719 0
91 0 0 208.719 0
92 0 0 208.719 0
93 0 0 208.719 0
94 0 0 208.719 0
95 0 0 208.719 0
96 0 0 208.719 0
97 0 0 208.719 0
98 0 0 208.719 0
99 0 0 208.719 0
