0 0 0 208.719 0
1 0 0 208.719 0
2 0 0 208.719 0
3 0 0 208.719 0
4 0 0 208.719 0
5 0 0 208.719 0
6 0 0 208.719 0
7 0 0 208.719 0
8 0 0 208.719 0
9 0 0 208.719 0
10 0 0 208.719 0
11 1.95064 0 208.719 0
12 1.95064 0 208.719 0
13 5.85193 0 208.719 0
14 9.75322 0 208.719 0
15 13.6545 0 208.719 0
16 21.4571 0 208.719 0
17 29.2597 0 208.719 0
18 35.1116 0 208.719 0
19 44.8648 0 208.719 0
20 52.6674 0 208.719 0
21 54.618 0 208.719 0
22 72.1738 0 208.719 0
23 78.0258 0 208.719 0
24 89.7296 0 208.719 0
25 95.5816 0 208.719 0
26 105.335 0 208.719 0
27 115.088 0 208.719 0
28 126.792 0 208.719 0
29 130.693 0 208.719 0
30 134.594 0 208.719 0
31 136.545 0 208.719 0
32 144.348 0 208.719 0
33 152.15 0 208.719 0
34 159.953 0 208.719 0
35 161.903 0 208.719 0
36 171.657 0 208.719 0
37 173.607 0 208.719 0
38 175.558 0 208.719 0
39 173.607 0 208.719 0
40 189.212 0 208.719 0
41 193.114 0 208.719 0
42 197.015 0 208.719 0
43 195.064 0 208.719 0
44 200.916 0 208.719 0
45 200.916 0 208.719 0
46 200.916 0 208.719 0
47 204.818 0 208.719 0
48 208.719 0 208.719 0
49 206.768 0 208.719 0
50 208.719 0 208.719 0
51 208.719 0 208.719 0
52 208.719 0 208.719 0
53 208.719 0 208.719 0
54 208.719 0 208.719 0
55 208.719 0 208.719 0
56 208.719 0 208.719 0
57 208.719 0 208.719 0
58 208.719 0 208.719 0
59 208.719 0 208.719 0
60 208.719 0 208.719 0
61 208.719 0 208.719 0
62 208.719 0 208.719 0
63 208.719 0 208.719 0
64 208.719 0 208.719 0
65 208.719 0 208.719 0
66 208.719 0 208.719 0
67 208.719 0 208.719 0
68 208.719 0 208.719 0
69 208.719 0 208.719 0
70 208.719 0 208.719 0
71 208.719 0 208.719 0
72 208.719 0 208.719 0
73 208.719 0 208.719 0
74 208.719 0 208.719 0
75 208.719 0 208.719 0
76 208.719 0 208.719 0
77 208.719 0 208.719 0
78 208.719 0 208.719 0
79 208.719 0 208.719 0
80 208.719 0 208.719 0
81 208.719 0 208.719 0
82 208.719 0 208.719 0
83 208.719 0 208.719 0
84 208.719 0 208.719 0
85 208.719 0 208.719 0
86 208.719 0 208.719 0
87 208.719 0 208.719 0
88 208.719 0 208.719 0
89 208.719 0 208.719 0
90 208.719 0 208.719 0
91 208.719 0 208.719 0
92 208.719 0 208.719 0
93 208.719 0 208.719 0
94 208.719 0 208.719 0
95 208.719 0 208.719 0
96 208.719 0 208.719 0
97 208.719 0 208.719 0
98 208.719 0 208.719 0
99 208.719 0 208.719 0
