0 0 0 70.2232 -1.95064
1 0 0 70.2232 -1.95064
2 0 0 70.2232 -1.95064
3 0 0 70.2232 -1.95064
4 0 0 70.2232 -1.95064
5 0 0 70.2232 -1.95064
6 0 0 70.2232 -1.95064
7 0 0 70.2232 -1.95064
8 0 0 70.2232 -1.95064
9 0 0 70.2232 -1.95064
10 0 0 70.2232 -1.95064
11 3.90129 0 70.2232 -1.95064
12 3.90129 0 70.2232 -1.95064
13 3.90129 0 70.2232 -1.95064
14 5.85193 0 70.2232 -1.95064
15 7.80258 0 70.2232 -1.95064
16 11.7039 0 70.2232 -1.95064
17 13.6545 0 70.2232 -1.95064
18 17.5558 0 70.2232 -1.95064
19 21.4571 0 70.2232 -1.95064
20 23.4077 0 70.2232 -1.95064
21 27.309 0 70.2232 -1.95064
22 27.309 0 70.2232 -1.95064
23 29.2597 1.95064 70.2232 -1.95064
24 35.1116 1.95064 70.2232 -1.95064
25 37.0622 1.95064 70.2232 -1.95064
26 39.0129 1.95064 70.2232 -1.95064
27 39.0129 1.95064 70.2232 -1.95064
28 39.0129 1.95064 70.2232 -1.95064
29 39.0129 1.95064 70.2232 -1.95064
30 40.9635 0 70.2232 -1.95064
31 42.9142 0 70.2232 -1.95064
32 44.8648 -1.95064 70.2232 -1.95064
33 44.8648 -1.95064 70.2232 -1.95064
34 44.8648 -1.95064 70.2232 -1.95064
35 46.8155 -1.95064 70.2232 -1.95064
36 48.7661 -1.95064 70.2232 -1.95064
37 48.7661 -1.95064 70.2232 -1.95064
38 50.7167 -1.95064 70.2232 -1.95064
39 52.6674 -1.95064 70.2232 -1.95064
40 56.5687 -1.95064 70.2232 -1.95064
41 56.5687 -1.95064 70.2232 -1.95064
42 60.47 -1.95064 70.2232 -1.95064
43 62.4206 -1.95064 70.2232 -1.95064
44 64.3713 -1.95064 70.2232 -1.95064
45 64.3713 -1.95064 70.2232 -1.95064
46 64.3713 -1.95064 70.2232 -1.95064
47 66.3219 -1.95064 70.2232 -1.95064
48 66.3219 -1.95064 70.2232 -1.95064
49 70.2232 -1.95064 70.2232 -1.95064
50 70.2232 -1.95064 70.2232 -1.95064
51 70.2232 -1.95064 70.2232 -1.95064
52 70.2232 -1.95064 70.2232 -1.95064
53 70.2232 -1.95064 70.2232 -1.95064
54 70.2232 -1.95064 70.2232 -1.95064
55 70.2232 -1.95064 70.2232 -1.95064
56 70.2232 -1.95064 70.2232 -1.95064
57 70.2232 -1.95064 70.2232 -1.95064
58 70.2232 -1.95064 70.2232 -1.95064
59 70.2232 -1.95064 70.2232 -1.95064
60 70.2232 -1.95064 70.2232 -1.95064
61 70.2232 -1.95064 70.2232 -1.95064
62 70.2232 -1.95064 70.2232 -1.95064
63 70.2232 -1.95064 70.2232 -1.95064
64 70.2232 -1.95064 70.2232 -1.95064
65 70.2232 -1.95064 70.2232 -1.95064
66 70.2232 -1.95064 70.2232 -1.95064
67 70.2232 -1.95064 70.2232 -1.95064
68 70.2232 -1.95064 70.2232 -1.95064
69 70.2232 -1.95064 70.2232 -1.95064
70 70.2232 -1.95064 70.2232 -1.95064
71 70.2232 -1.95064 70.2232 -1.95064
72 70.2232 -1.95064 70.2232 -1.95064
73 70.2232 -1.95064 70.2232 -1.95064
74 70.2232 -1.95064 70.2232 -1.95064
75 70.2232 -1.95064 70.2232 -1.95064
76 70.2232 -1.95064 70.2232 -1.95064
77 70.2232 -1.95064 70.2232 -1.95064
78 70.2232 -1.95064 70.2232 -1.95064
79 70.2232 -1.95064 70.2232 -1.95064
80 70.2232 -1.95064 70.2232 -1.95064
81 70.2232 -1.95064 70.2232 -1.95064
82 70.2232 -1.95064 70.2232 -1.95064
83 70.2232 -1.95064 70.2232 -1.95064
84 70.2232 -1.95064 70.2232 -1.95064
85 70.2232 -1.95064 70.2232 -1.95064
86 70.2232 -1.95064 70.2232 -1.95064
87 70.2232 -1.95064 70.2232 -1.95064
88 70.2232 -1.95064 70.2232 -1.95064
89 70.2232 -1.95064 70.2232 -1.95064
90 70.2232 -1.95064 70.2232 -1.95064
91 70.2232 -1.95064 70.2232 -1.95064
92 70.2232 -1.95064 70.2232 -1.95064
93 70.2232 -1.95064 70.2232 -1.95064
94 70.2232 -1.95064 70.2232 -1.95064
95 70.2232 -1.95064 70.2232 -1.95064
96 70.2232 -1.95064 70.2232 -1.95064
97 70.2232 -1.95064 70.2232 -1.95064
98 70.2232 -1.95064 70.2232 -1.95064
99 70.2232 -1.95064 70.2232 -1.95064
