0 70.2232 -1.95064 70.2232 -1.95064
1 70.2232 -1.95064 70.2232 -1.95064
2 70.2232 -1.95064 70.2232 -1.95064
3 70.2232 -1.95064 70.2232 -1.95064
4 70.2232 -1.95064 70.2232 -1.95064
5 70.2232 -1.95064 70.2232 -1.95064
6 70.2232 -1.95064 70.2232 -1.95064
7 70.2232 -1.95064 70.2232 -1.95064
8 70.2232 -1.95064 70.2232 -1.95064
9 70.2232 -1.95064 70.2232 -1.95064
10 70.2232 -1.95064 70.2232 -1.95064
11 66.3219 -1.95064 70.2232 -1.95064
12 66.3219 -1.95064 70.2232 -1.95064
13 66.3219 -1.95064 70.2232 -1.95064
14 64.3713 -1.95064 70.2232 -1.95064
15 62.4206 -1.95064 70.2232 -1.95064
16 58.5193 -1.95064 70.2232 -1.95064
17 56.5687 -1.95064 70.2232 -1.95064
18 52.6674 -1.95064 70.2232 -1.95064
19 48.7661 -1.95064 70.2232 -1.95064
20 46.8155 -1.95064 70.2232 -1.95064
21 42.9142 -1.95064 70.2232 -1.95064
22 42.9142 -1.95064 70.2232 -1.95064
23 40.9635 -3.90129 70.2232 -1.95064
24 35.1116 -3.90129 70.2232 -1.95064
25 33.1609 -3.90129 70.2232 -1.95064
26 31.2103 -3.90129 70.2232 -1.95064
27 31.2103 -3.90129 70.2232 -1.95064
28 31.2103 -3.90129 70.2232 -1.95064
29 31.2103 -3.90129 70.2232 -1.95064
30 29.2597 -1.95064 70.2232 -1.95064
31 27.309 -1.95064 70.2232 -1.95064
32 25.3584 0 70.2232 -1.95064
33 25.3584 0 70.2232 -1.95064
34 25.3584 0 70.2232 -1.95064
35 23.4077 0 70.2232 -1.95064
36 21.4571 0 70.2232 -1.95064
37 21.4571 0 70.2232 -1.95064
38 19.5064 0 70.2232 -1.95064
39 17.5558 0 70.2232 -1.95064
40 13.6545 0 70.2232 -1.95064
41 13.6545 0 70.2232 -1.95064
42 9.75322 0 70.2232 -1.95064
43 7.80258 0 70.2232 -1.95064
44 5.85193 0 70.2232 -1.95064
45 5.85193 0 70.2232 -1.95064
46 5.85193 0 70.2232 -1.95064
47 3.90129 0 70.2232 -1.95064
48 3.90129 0 70.2232 -1.95064
49 0 0 70.2232 -1.95064
50 0 0 70.2232 -1.95064
51 0 0 70.2232 -1.95064
52 0 0 70.2232 -1.95064
53 0 0 70.2232 -1.95064
54 0 0 70.2232 -1.95064
55 0 0 70.2232 -1.95064
56 0 0 70.2232 -1.95064
57 0 0 70.2232 -1.95064
58 0 0 70.2232 -1.95064
59 0 0 70.2232 -1.95064
60 0 0 70.2232 -1.95064
61 0 0 70.2232 -1.95064
62 0 0 70.2232 -1.95064
63 0 0 70.2232 -1.95064
64 0 0 70.2232 -1.95064
65 0 0 70.2232 -1.95064
66 0 0 70.2232 -1.95064
67 0 0 70.2232 -1.95064
68 0 0 70.2232 -1.95064
69 0 0 70.2232 -1.95064
70 0 0 70.2232 -1.95064
71 0 0 70.2232 -1.95064
72 0 0 70.2232 -1.95064
73 0 0 70.2232 -1.95064
74 0 0 70.2232 -1.95064
75 0 0 70.2232 -1.95064
76 0 0 70.2232 -1.95064
77 0 0 70.2232 -1.95064
78 0 0 70.2232 -1.95064
79 0 0 70.2232 -1.95064
80 0 0 70.2232 -1.95064
81 0 0 70.2232 -1.95064
82 0 0 70.2232 -1.95064
83 0 0 70.2232 -1.95064
84 0 0 70.2232 -1.95064
85 0 0 70.2232 -1.95064
86 0 0 70.2232 -1.95064
87 0 0 70.2232 -1.95064
88 0 0 70.2232 -1.95064
89 0 0 70.2232 -1.95064
90 0 0 70.2232 -1.95064
91 0 0 70.2232 -1.95064
92 0 0 70.2232 -1.95064
93 0 0 70.2232 -1.95064
94 0 0 70.2232 -1.95064
95 0 0 70.2232 -1.95064
96 0 0 70.2232 -1.95064
97 0 0 70.2232 -1.95064
98 0 0 70.2232 -1.95064
99 0 0 70.2232 -1.95064
