0 470.105 1.95064 470.105 1.95064
1 470.105 1.95064 470.105 1.95064
2 470.105 1.95064 470.105 1.95064
3 470.105 1.95064 470.105 1.95064
4 470.105 1.95064 470.105 1.95064
5 470.105 1.95064 470.105 1.95064
6 470.105 1.95064 470.105 1.95064
7 470.105 1.95064 470.105 1.95064
8 470.105 1.95064 470.105 1.95064
9 470.105 1.95064 470.105 1.95064
10 470.105 1.95064 470.105 1.95064
11 462.303 1.95064 470.105 1.95064
12 460.352 1.95064 470.105 1.95064
13 454.5 1.95064 470.105 1.95064
14 444.747 1.95064 470.105 1.95064
15 434.994 1.95064 470.105 1.95064
16 419.388 1.95064 470.105 1.95064
17 403.783 1.95064 470.105 1.95064
18 388.178 1.95064 470.105 1.95064
19 372.573 1.95064 470.105 1.95064
20 345.264 1.95064 470.105 1.95064
21 339.412 1.95064 470.105 1.95064
22 314.054 1.95064 470.105 1.95064
23 304.3 0 470.105 1.95064
24 267.238 0 470.105 1.95064
25 243.831 0 470.105 1.95064
26 216.521 0 470.105 1.95064
27 200.916 0 470.105 1.95064
28 183.361 0 470.105 1.95064
29 169.706 0 470.105 1.95064
30 154.101 1.95064 470.105 1.95064
31 142.397 1.95064 470.105 1.95064
32 134.594 3.90129 470.105 1.95064
33 118.989 3.90129 470.105 1.95064
34 113.137 3.90129 470.105 1.95064
35 105.335 1.95064 470.105 1.95064
36 85.8283 1.95064 470.105 1.95064
37 83.8777 1.95064 470.105 1.95064
38 78.0258 1.95064 470.105 1.95064
39 76.0751 1.95064 470.105 1.95064
40 56.5687 1.95064 470.105 1.95064
41 50.7167 1.95064 470.105 1.95064
42 39.0129 1.95064 470.105 1.95064
43 37.0622 1.95064 470.105 1.95064
44 27.309 1.95064 470.105 1.95064
45 29.2597 1.95064 470.105 1.95064
46 25.3584 0 470.105 1.95064
47 19.5064 0 470.105 1.95064
48 15.6052 0 470.105 1.95064
49 9.75322 0 470.105 1.95064
50 0 0 470.105 1.95064
51 0 0 470.105 1.95064
52 0 0 470.105 1.95064
53 0 0 470.105 1.95064
54 0 0 470.105 1.95064
55 0 0 470.105 1.95064
56 0 0 470.105 1.95064
57 0 0 470.105 1.95064
58 0 0 470.105 1.95064
59 0 0 470.105 1.95064
60 0 0 470.105 1.95064
61 0 0 470.105 1.95064
62 0 0 470.105 1.95064
63 0 0 470.105 1.95064
64 0 0 470.105 1.95064
65 0 0 470.105 1.95064
66 0 0 470.105 1.95064
67 0 0 470.105 1.95064
68 0 0 470.105 1.95064
69 0 0 470.105 1.95064
70 0 0 470.105 1.95064
71 0 0 470.105 1.95064
72 0 0 470.105 1.95064
73 0 0 470.105 1.95064
74 0 0 470.105 1.95064
75 0 0 470.105 1.95064
76 0 0 470.105 1.95064
77 0 0 470.105 1.95064
78 0 0 470.105 1.95064
79 0 0 470.105 1.95064
80 0 0 470.105 1.95064
81 0 0 470.105 1.95064
82 0 0 470.105 1.95064
83 0 0 470.105 1.95064
84 0 0 470.105 1.95064
85 0 0 470.105 1.95064
86 0 0 470.105 1.95064
87 0 0 470.105 1.95064
88 0 0 470.105 1.95064
89 0 0 470.105 1.95064
90 0 0 470.105 1.95064
91 0 0 470.105 1.95064
92 0 0 470.105 1.95064
93 0 0 470.105 1.95064
94 0 0 470.105 1.95064
95 0 0 470.105 1.95064
96 0 0 470.105 1.95064
97 0 0 470.105 1.95064
98 0 0 470.105 1.95064
99 0 0 470.105 1.95064
