0 50.7167 0 50.7167 0
1 50.7167 0 50.7167 0
2 50.7167 0 50.7167 0
3 50.7167 0 50.7167 0
4 50.7167 0 50.7167 0
5 50.7167 0 50.7167 0
6 50.7167 0 50.7167 0
7 50.7167 0 50.7167 0
8 50.7167 0 50.7167 0
9 50.7167 0 50.7167 0
10 50.7167 0 50.7167 0
11 48.7661 0 50.7167 0
12 46.8155 0 50.7167 0
13 48.7661 0 50.7167 0
14 46.8155 0 50.7167 0
15 48.7661 0 50.7167 0
16 48.7661 0 50.7167 0
17 48.7661 0 50.7167 0
18 46.8155 0 50.7167 0
19 46.8155 0 50.7167 0
20 44.8648 0 50.7167 0
21 44.8648 0 50.7167 0
22 44.8648 0 50.7167 0
23 44.8648 0 50.7167 0
24 35.1116 0 50.7167 0
25 29.2597 0 50.7167 0
26 27.309 0 50.7167 0
27 27.309 0 50.7167 0
28 25.3584 0 50.7167 0
29 21.4571 0 50.7167 0
30 21.4571 0 50.7167 0
31 19.5064 0 50.7167 0
32 19.5064 0 50.7167 0
33 17.5558 0 50.7167 0
34 17.5558 0 50.7167 0
35 17.5558 0 50.7167 0
36 15.6052 0 50.7167 0
37 15.6052 0 50.7167 0
38 13.6545 0 50.7167 0
39 13.6545 0 50.7167 0
40 11.7039 0 50.7167 0
41 9.75322 0 50.7167 0
42 7.80258 0 50.7167 0
43 7.80258 0 50.7167 0
44 5.85193 0 50.7167 0
45 5.85193 0 50.7167 0
46 3.90129 0 50.7167 0
47 3.90129 0 50.7167 0
48 3.90129 0 50.7167 0
49 1.95064 0 50.7167 0
50 0 0 50.7167 0
51 0 0 50.7167 0
52 0 0 50.7167 0
53 0 0 50.7167 0
54 0 0 50.7167 0
55 0 0 50.7167 0
56 0 0 50.7167 0
57 0 0 50.7167 0
58 0 0 50.7167 0
59 0 0 50.7167 0
60 0 0 50.7167 0
61 0 0 50.7167 0
62 0 0 50.7167 0
63 0 0 50.7167 0
64 0 0 50.7167 0
65 0 0 50.7167 0
66 0 0 50.7167 0
67 0 0 50.7167 0
68 0 0 50.7167 0
69 0 0 50.7167 0
70 0 0 50.7167 0
71 0 0 50.7167 0
72 0 0 50.7167 0
73 0 0 50.7167 0
74 0 0 50.7167 0
75 0 0 50.7167 0
76 0 0 50.7167 0
77 0 0 50.7167 0
78 0 0 50.7167 0
79 0 0 50.7167 0
80 0 0 50.7167 0
81 0 0 50.7167 0
82 0 0 50.7167 0
83 0 0 50.7167 0
84 0 0 50.7167 0
85 0 0 50.7167 0
86 0 0 50.7167 0
87 0 0 50.7167 0
88 0 0 50.7167 0
89 0 0 50.7167 0
90 0 0 50.7167 0
91 0 0 50.7167 0
92 0 0 50.7167 0
93 0 0 50.7167 0
94 0 0 50.7167 0
95 0 0 50.7167 0
96 0 0 50.7167 0
97 0 0 50.7167 0
98 0 0 50.7167 0
99 0 0 50.7167 0
