0 0 0  470.105 1.95064
1 0 0  470.105 1.95064
2 0 0  470.105 1.95064
3 0 0  470.105 1.95064
4 0 0  470.105 1.95064
5 0 0  470.105 1.95064
6 0 0  470.105 1.95064
7 0 0  470.105 1.95064
8 0 0  470.105 1.95064
9 0 0  470.105 1.95064
10 0 0  470.105 1.95064
11 7.80258 0  470.105 1.95064
12 9.75322 0  470.105 1.95064
13 15.6052 0  470.105 1.95064
14 25.3584 0  470.105 1.95064
15 35.1116 0  470.105 1.95064
16 50.7167 0  470.105 1.95064
17 66.3219 0  470.105 1.95064
18 81.927 0  470.105 1.95064
19 97.5322 0  470.105 1.95064
20 124.841 0  470.105 1.95064
21 130.693 0  470.105 1.95064
22 156.052 0  470.105 1.95064
23 165.805 1.95064  470.105 1.95064
24 202.867 1.95064  470.105 1.95064
25 226.275 1.95064  470.105 1.95064
26 253.584 1.95064  470.105 1.95064
27 269.189 1.95064  470.105 1.95064
28 286.745 1.95064  470.105 1.95064
29 300.399 1.95064  470.105 1.95064
30 316.004 0  470.105 1.95064
31 327.708 0  470.105 1.95064
32 335.511 -1.95064  470.105 1.95064
33 351.116 -1.95064  470.105 1.95064
34 356.968 -1.95064  470.105 1.95064
35 364.77 0  470.105 1.95064
36 384.277 0  470.105 1.95064
37 386.228 0  470.105 1.95064
38 392.079 0  470.105 1.95064
39 394.03 0  470.105 1.95064
40 413.537 0  470.105 1.95064
41 419.388 0  470.105 1.95064
42 431.092 0  470.105 1.95064
43 433.043 0  470.105 1.95064
44 442.796 0  470.105 1.95064
45 440.846 0  470.105 1.95064
46 444.747 1.95064  470.105 1.95064
47 450.599 1.95064  470.105 1.95064
48 454.5 1.95064  470.105 1.95064
49 460.352 1.95064  470.105 1.95064
50 470.105 1.95064  470.105 1.95064
51 470.105 1.95064  470.105 1.95064
52 470.105 1.95064  470.105 1.95064
53 470.105 1.95064  470.105 1.95064
54 470.105 1.95064  470.105 1.95064
55 470.105 1.95064  470.105 1.95064
56 470.105 1.95064  470.105 1.95064
57 470.105 1.95064  470.105 1.95064
58 470.105 1.95064  470.105 1.95064
59 470.105 1.95064  470.105 1.95064
60 470.105 1.95064  470.105 1.95064
61 470.105 1.95064  470.105 1.95064
62 470.105 1.95064  470.105 1.95064
63 470.105 1.95064  470.105 1.95064
64 470.105 1.95064  470.105 1.95064
65 470.105 1.95064  470.105 1.95064
66 470.105 1.95064  470.105 1.95064
67 470.105 1.95064  470.105 1.95064
68 470.105 1.95064  470.105 1.95064
69 470.105 1.95064  470.105 1.95064
70 470.105 1.95064  470.105 1.95064
71 470.105 1.95064  470.105 1.95064
72 470.105 1.95064  470.105 1.95064
73 470.105 1.95064  470.105 1.95064
74 470.105 1.95064  470.105 1.95064
75 470.105 1.95064  470.105 1.95064
76 470.105 1.95064  470.105 1.95064
77 470.105 1.95064  470.105 1.95064
78 470.105 1.95064  470.105 1.95064
79 470.105 1.95064  470.105 1.95064
80 470.105 1.95064  470.105 1.95064
81 470.105 1.95064  470.105 1.95064
82 470.105 1.95064  470.105 1.95064
83 470.105 1.95064  470.105 1.95064
84 470.105 1.95064  470.105 1.95064
85 470.105 1.95064  470.105 1.95064
86 470.105 1.95064  470.105 1.95064
87 470.105 1.95064  470.105 1.95064
88 470.105 1.95064  470.105 1.95064
89 470.105 1.95064  470.105 1.95064
90 470.105 1.95064  470.105 1.95064
91 470.105 1.95064  470.105 1.95064
92 470.105 1.95064  470.105 1.95064
93 470.105 1.95064  470.105 1.95064
94 470.105 1.95064  470.105 1.95064
95 470.105 1.95064  470.105 1.95064
96 470.105 1.95064  470.105 1.95064
97 470.105 1.95064  470.105 1.95064
98 470.105 1.95064  470.105 1.95064
99 470.105 1.95064  470.105 1.95064
