0 0 0 112.491 0.219832
1 0 0 112.491 0.219832
2 0 0 112.491 0.219832
3 0 0 112.491 0.219832
4 0 0 112.491 0.219832
5 0 0 112.491 0.219832
6 0 0 112.491 0.219832
7 0 0 112.491 0.219832
8 0 0 112.491 0.219832
9 0 0 112.491 0.219832
10 0 0 112.491 0.219832
11 0.251237 0 112.491 0.219832
12 0.714455 0 112.491 0.219832
13 1.29544 0 112.491 0.219832
14 2.20618 0 112.491 0.219832
15 3.52517 0.00785116 112.491 0.219832
16 5.33094 0.00785116 112.491 0.219832
17 7.23092 0.00785116 112.491 0.219832
18 9.4842 0 112.491 0.219832
19 11.9259 0 112.491 0.219832
20 14.4618 0 112.491 0.219832
21 17.0841 0.0157023 112.491 0.219832
22 19.5965 0.0235535 112.491 0.219832
23 22.1167 0.0157023 112.491 0.219832
24 24.5584 0.0157023 112.491 0.219832
25 26.8981 0.0157023 112.491 0.219832
26 29.2299 0.0314046 112.491 0.219832
27 31.7265 0.0314046 112.491 0.219832
28 33.9641 0.0235535 112.491 0.219832
29 36.343 0.0392558 112.491 0.219832
30 38.3215 0.0392558 112.491 0.219832
31 40.6376 0.0392558 112.491 0.219832
32 42.6004 0.0392558 112.491 0.219832
33 45.1049 0.0314046 112.491 0.219832
34 47.5388 0.0471069 112.491 0.219832
35 49.8862 0.0549581 112.491 0.219832
36 52.1238 0.0471069 112.491 0.219832
37 54.8011 0.0471069 112.491 0.219832
38 57.6746 0.0549581 112.491 0.219832
39 60.4147 0.0706604 112.491 0.219832
40 63.5708 0.0706604 112.491 0.219832
41 67.3315 0.0706604 112.491 0.219832
42 70.9038 0.0785116 112.491 0.219832
43 74.8215 0.0863627 112.491 0.219832
44 79.014 0.102065 112.491 0.219832
45 83.6541 0.109916 112.491 0.219832
46 89.0164 0.109916 112.491 0.219832
47 94.4416 0.157023 112.491 0.219832
48 100.094 0.188428 112.491 0.219832
49 106.006 0.196279 112.491 0.219832
50 112.491 0.219832 112.491 0.219832
51 112.491 0.219832 112.491 0.219832
52 112.491 0.219832 112.491 0.219832
53 112.491 0.219832 112.491 0.219832
54 112.491 0.219832 112.491 0.219832
55 112.491 0.219832 112.491 0.219832
56 112.491 0.219832 112.491 0.219832
57 112.491 0.219832 112.491 0.219832
58 112.491 0.219832 112.491 0.219832
59 112.491 0.219832 112.491 0.219832
60 112.491 0.219832 112.491 0.219832
61 112.491 0.219832 112.491 0.219832
62 112.491 0.219832 112.491 0.219832
63 112.491 0.219832 112.491 0.219832
64 112.491 0.219832 112.491 0.219832
65 112.491 0.219832 112.491 0.219832
66 112.491 0.219832 112.491 0.219832
67 112.491 0.219832 112.491 0.219832
68 112.491 0.219832 112.491 0.219832
69 112.491 0.219832 112.491 0.219832
70 112.491 0.219832 112.491 0.219832
71 112.491 0.219832 112.491 0.219832
72 112.491 0.219832 112.491 0.219832
73 112.491 0.219832 112.491 0.219832
74 112.491 0.219832 112.491 0.219832
75 112.491 0.219832 112.491 0.219832
76 112.491 0.219832 112.491 0.219832
77 112.491 0.219832 112.491 0.219832
78 112.491 0.219832 112.491 0.219832
79 112.491 0.219832 112.491 0.219832
80 112.491 0.219832 112.491 0.219832
81 112.491 0.219832 112.491 0.219832
82 112.491 0.219832 112.491 0.219832
83 112.491 0.219832 112.491 0.219832
84 112.491 0.219832 112.491 0.219832
85 112.491 0.219832 112.491 0.219832
86 112.491 0.219832 112.491 0.219832
87 112.491 0.219832 112.491 0.219832
88 112.491 0.219832 112.491 0.219832
89 112.491 0.219832 112.491 0.219832
90 112.491 0.219832 112.491 0.219832
91 112.491 0.219832 112.491 0.219832
92 112.491 0.219832 112.491 0.219832
93 112.491 0.219832 112.491 0.219832
94 112.491 0.219832 112.491 0.219832
95 112.491 0.219832 112.491 0.219832
96 112.491 0.219832 112.491 0.219832
97 112.491 0.219832 112.491 0.219832
98 112.491 0.219832 112.491 0.219832
99 112.491 0.219832 112.491 0.219832
