0 0 0 91.9999 3.63509
1 0 0 91.9999 3.63509
2 0 0 91.9999 3.63509
3 0 0 91.9999 3.63509
4 0 0 91.9999 3.63509
5 0 0 91.9999 3.63509
6 0 0 91.9999 3.63509
7 0 0 91.9999 3.63509
8 0 0 91.9999 3.63509
9 0 0 91.9999 3.63509
10 0 0 91.9999 3.63509
11 0.40826 0.00785116 91.9999 3.63509
12 1.10701 0.00785116 91.9999 3.63509
13 2.19047 0.0235535 91.9999 3.63509
14 3.50947 0.0628093 91.9999 3.63509
15 5.51151 0.0785116 91.9999 3.63509
16 7.81975 0.125619 91.9999 3.63509
17 10.1672 0.180577 91.9999 3.63509
18 12.7503 0.235535 91.9999 3.63509
19 15.7337 0.3376 91.9999 3.63509
20 18.5287 0.423962 91.9999 3.63509
21 22.0932 0.54173 91.9999 3.63509
22 25.2729 0.635944 91.9999 3.63509
23 28.9394 0.698753 91.9999 3.63509
24 32.3939 0.847925 91.9999 3.63509
25 35.4166 0.942139 91.9999 3.63509
26 38.5492 1.03635 91.9999 3.63509
27 41.2107 1.08346 91.9999 3.63509
28 43.9822 1.19338 91.9999 3.63509
29 47.1619 1.3347 91.9999 3.63509
30 49.792 1.46817 91.9999 3.63509
31 52.485 1.65659 91.9999 3.63509
32 55.123 1.77436 91.9999 3.63509
33 57.6118 1.87643 91.9999 3.63509
34 60.132 1.97064 91.9999 3.63509
35 62.2832 2.11196 91.9999 3.63509
36 64.7249 2.27684 91.9999 3.63509
37 67.1509 2.33179 91.9999 3.63509
38 69.3336 2.48097 91.9999 3.63509
39 71.4926 2.53592 91.9999 3.63509
40 73.5025 2.69295 91.9999 3.63509
41 75.536 2.83427 91.9999 3.63509
42 77.5694 2.90493 91.9999 3.63509
43 79.4302 3.0384 91.9999 3.63509
44 81.2987 3.09336 91.9999 3.63509
45 83.2537 3.17972 91.9999 3.63509
46 85.1301 3.33674 91.9999 3.63509
47 86.9908 3.38385 91.9999 3.63509
48 88.6396 3.47806 91.9999 3.63509
49 90.3747 3.54087 91.9999 3.63509
50 91.9999 3.63509 91.9999 3.63509
51 91.9999 3.63509 91.9999 3.63509
52 91.9999 3.63509 91.9999 3.63509
53 91.9999 3.63509 91.9999 3.63509
54 91.9999 3.63509 91.9999 3.63509
55 91.9999 3.63509 91.9999 3.63509
56 91.9999 3.63509 91.9999 3.63509
57 91.9999 3.63509 91.9999 3.63509
58 91.9999 3.63509 91.9999 3.63509
59 91.9999 3.63509 91.9999 3.63509
60 91.9999 3.63509 91.9999 3.63509
61 91.9999 3.63509 91.9999 3.63509
62 91.9999 3.63509 91.9999 3.63509
63 91.9999 3.63509 91.9999 3.63509
64 91.9999 3.63509 91.9999 3.63509
65 91.9999 3.63509 91.9999 3.63509
66 91.9999 3.63509 91.9999 3.63509
67 91.9999 3.63509 91.9999 3.63509
68 91.9999 3.63509 91.9999 3.63509
69 91.9999 3.63509 91.9999 3.63509
70 91.9999 3.63509 91.9999 3.63509
71 91.9999 3.63509 91.9999 3.63509
72 91.9999 3.63509 91.9999 3.63509
73 91.9999 3.63509 91.9999 3.63509
74 91.9999 3.63509 91.9999 3.63509
75 91.9999 3.63509 91.9999 3.63509
76 91.9999 3.63509 91.9999 3.63509
77 91.9999 3.63509 91.9999 3.63509
78 91.9999 3.63509 91.9999 3.63509
79 91.9999 3.63509 91.9999 3.63509
80 91.9999 3.63509 91.9999 3.63509
81 91.9999 3.63509 91.9999 3.63509
82 91.9999 3.63509 91.9999 3.63509
83 91.9999 3.63509 91.9999 3.63509
84 91.9999 3.63509 91.9999 3.63509
85 91.9999 3.63509 91.9999 3.63509
86 91.9999 3.63509 91.9999 3.63509
87 91.9999 3.63509 91.9999 3.63509
88 91.9999 3.63509 91.9999 3.63509
89 91.9999 3.63509 91.9999 3.63509
90 91.9999 3.63509 91.9999 3.63509
91 91.9999 3.63509 91.9999 3.63509
92 91.9999 3.63509 91.9999 3.63509
93 91.9999 3.63509 91.9999 3.63509
94 91.9999 3.63509 91.9999 3.63509
95 91.9999 3.63509 91.9999 3.63509
96 91.9999 3.63509 91.9999 3.63509
97 91.9999 3.63509 91.9999 3.63509
98 91.9999 3.63509 91.9999 3.63509
99 91.9999 3.63509 91.9999 3.63509
