0 0 0  540.898 7.80405
1 0 0  540.898 7.80405
2 0 0  540.898 7.80405
3 0 0  540.898 7.80405
4 0 0  540.898 7.80405
5 0 0  540.898 7.80405
6 0 0  540.898 7.80405
7 0 0  540.898 7.80405
8 0 0  540.898 7.80405
9 0 0  540.898 7.80405
10 0 0  540.898 7.80405
11 2.12766 0.00785116  540.898 7.80405
12 5.81771 0.0392558  540.898 7.80405
13 10.8581 0.0942139  540.898 7.80405
14 17.6808 0.13347  540.898 7.80405
15 27.2043 0.188428  540.898 7.80405
16 38.7533 0.321897  540.898 7.80405
17 51.2131 0.423962  540.898 7.80405
18 65.2353 0.573134  540.898 7.80405
19 80.0975 0.706604  540.898 7.80405
20 95.8548 0.895032  540.898 7.80405
21 111.651 1.06776  540.898 7.80405
22 128.759 1.21693  540.898 7.80405
23 145.097 1.44461  540.898 7.80405
24 160.431 1.63304  540.898 7.80405
25 174.775 1.87643  540.898 7.80405
26 189.566 2.09626  540.898 7.80405
27 203.934 2.26898  540.898 7.80405
28 218.191 2.48097  540.898 7.80405
29 231.986 2.78716  540.898 7.80405
30 244.713 3.0698  540.898 7.80405
31 258.075 3.38385  540.898 7.80405
32 270.771 3.66649  540.898 7.80405
33 283.599 3.90202  540.898 7.80405
34 296.499 4.15326  540.898 7.80405
35 309.037 4.42805  540.898 7.80405
36 321.371 4.67929  540.898 7.80405
37 333.706 4.83631  540.898 7.80405
38 347.445 5.0954  540.898 7.80405
39 359.528 5.30738  540.898 7.80405
40 372.812 5.55862  540.898 7.80405
41 387.423 5.77845  540.898 7.80405
42 401.178 6.01399  540.898 7.80405
43 416.276 6.24952  540.898 7.80405
44 431.578 6.46935  540.898 7.80405
45 447.681 6.69704  540.898 7.80405
46 465.291 6.97968  540.898 7.80405
47 483.176 7.17596  540.898 7.80405
48 501.83 7.38794  540.898 7.80405
49 521.05 7.55281  540.898 7.80405
50 540.898 7.80405  540.898 7.80405
51 540.898 7.80405  540.898 7.80405
52 540.898 7.80405  540.898 7.80405
53 540.898 7.80405  540.898 7.80405
54 540.898 7.80405  540.898 7.80405
55 540.898 7.80405  540.898 7.80405
56 540.898 7.80405  540.898 7.80405
57 540.898 7.80405  540.898 7.80405
58 540.898 7.80405  540.898 7.80405
59 540.898 7.80405  540.898 7.80405
60 540.898 7.80405  540.898 7.80405
61 540.898 7.80405  540.898 7.80405
62 540.898 7.80405  540.898 7.80405
63 540.898 7.80405  540.898 7.80405
64 540.898 7.80405  540.898 7.80405
65 540.898 7.80405  540.898 7.80405
66 540.898 7.80405  540.898 7.80405
67 540.898 7.80405  540.898 7.80405
68 540.898 7.80405  540.898 7.80405
69 540.898 7.80405  540.898 7.80405
70 540.898 7.80405  540.898 7.80405
71 540.898 7.80405  540.898 7.80405
72 540.898 7.80405  540.898 7.80405
73 540.898 7.80405  540.898 7.80405
74 540.898 7.80405  540.898 7.80405
75 540.898 7.80405  540.898 7.80405
76 540.898 7.80405  540.898 7.80405
77 540.898 7.80405  540.898 7.80405
78 540.898 7.80405  540.898 7.80405
79 540.898 7.80405  540.898 7.80405
80 540.898 7.80405  540.898 7.80405
81 540.898 7.80405  540.898 7.80405
82 540.898 7.80405  540.898 7.80405
83 540.898 7.80405  540.898 7.80405
84 540.898 7.80405  540.898 7.80405
85 540.898 7.80405  540.898 7.80405
86 540.898 7.80405  540.898 7.80405
87 540.898 7.80405  540.898 7.80405
88 540.898 7.80405  540.898 7.80405
89 540.898 7.80405  540.898 7.80405
90 540.898 7.80405  540.898 7.80405
91 540.898 7.80405  540.898 7.80405
92 540.898 7.80405  540.898 7.80405
93 540.898 7.80405  540.898 7.80405
94 540.898 7.80405  540.898 7.80405
95 540.898 7.80405  540.898 7.80405
96 540.898 7.80405  540.898 7.80405
97 540.898 7.80405  540.898 7.80405
98 540.898 7.80405  540.898 7.80405
99 540.898 7.80405  540.898 7.80405
