0 161.047 1.09237 161.047 1.09237
1 161.047 1.09237 161.047 1.09237
2 161.047 1.09237 161.047 1.09237
3 161.047 1.09237 161.047 1.09237
4 161.047 1.09237 161.047 1.09237
5 161.047 1.09237 161.047 1.09237
6 161.047 1.09237 161.047 1.09237
7 161.047 1.09237 161.047 1.09237
8 161.047 1.09237 161.047 1.09237
9 161.047 1.09237 161.047 1.09237
10 161.047 1.09237 161.047 1.09237
11 161.047 1.09237 161.047 1.09237
12 160.423 1.09237 161.047 1.09237
13 159.33 1.09237 161.047 1.09237
14 158.082 1.09237 161.047 1.09237
15 157.926 1.09237 161.047 1.09237
16 157.302 1.09237 161.047 1.09237
17 155.741 1.09237 161.047 1.09237
18 152.464 1.09237 161.047 1.09237
19 150.903 1.09237 161.047 1.09237
20 148.407 1.09237 161.047 1.09237
21 145.598 1.09237 161.047 1.09237
22 141.852 1.09237 161.047 1.09237
23 137.327 1.09237 161.047 1.09237
24 132.489 1.09237 161.047 1.09237
25 129.836 1.24843 161.047 1.09237
26 124.53 1.09237 161.047 1.09237
27 119.849 1.09237 161.047 1.09237
28 115.791 1.09237 161.047 1.09237
29 110.33 0.936319 161.047 1.09237
30 104.868 0.936319 161.047 1.09237
31 98.3135 0.780266 161.047 1.09237
32 92.3835 0.780266 161.047 1.09237
33 87.5458 0.780266 161.047 1.09237
34 82.084 0.780266 161.047 1.09237
35 76.31 0.780266 161.047 1.09237
36 71.1603 0.780266 161.047 1.09237
37 66.4787 0.624213 161.047 1.09237
38 58.2078 0.312106 161.047 1.09237
39 55.0868 0.156053 161.047 1.09237
40 49.1568 0.156053 161.047 1.09237
41 44.007 0.156053 161.047 1.09237
42 39.9496 0.156053 161.047 1.09237
43 34.0196 0.156053 161.047 1.09237
44 28.8698 0.156053 161.047 1.09237
45 23.7201 0.156053 161.047 1.09237
46 18.1022 0.156053 161.047 1.09237
47 12.6403 0 161.047 1.09237
48 8.58293 0 161.047 1.09237
49 2.96501 0 161.047 1.09237
50 0 0 161.047 1.09237
51 0 0 161.047 1.09237
52 0 0 161.047 1.09237
53 0 0 161.047 1.09237
54 0 0 161.047 1.09237
55 0 0 161.047 1.09237
56 0 0 161.047 1.09237
57 0 0 161.047 1.09237
58 0 0 161.047 1.09237
59 0 0 161.047 1.09237
60 0 0 161.047 1.09237
61 0 0 161.047 1.09237
62 0 0 161.047 1.09237
63 0 0 161.047 1.09237
64 0 0 161.047 1.09237
65 0 0 161.047 1.09237
66 0 0 161.047 1.09237
67 0 0 161.047 1.09237
68 0 0 161.047 1.09237
69 0 0 161.047 1.09237
70 0 0 161.047 1.09237
71 0 0 161.047 1.09237
72 0 0 161.047 1.09237
73 0 0 161.047 1.09237
74 0 0 161.047 1.09237
75 0 0 161.047 1.09237
76 0 0 161.047 1.09237
77 0 0 161.047 1.09237
78 0 0 161.047 1.09237
79 0 0 161.047 1.09237
80 0 0 161.047 1.09237
81 0 0 161.047 1.09237
82 0 0 161.047 1.09237
83 0 0 161.047 1.09237
84 0 0 161.047 1.09237
85 0 0 161.047 1.09237
86 0 0 161.047 1.09237
87 0 0 161.047 1.09237
88 0 0 161.047 1.09237
89 0 0 161.047 1.09237
90 0 0 161.047 1.09237
91 0 0 161.047 1.09237
92 0 0 161.047 1.09237
93 0 0 161.047 1.09237
94 0 0 161.047 1.09237
95 0 0 161.047 1.09237
96 0 0 161.047 1.09237
97 0 0 161.047 1.09237
98 0 0 161.047 1.09237
99 0 0 161.047 1.09237
