0 0 0  498.59 12.7964
1 0 0  498.59 12.7964
2 0 0  498.59 12.7964
3 0 0  498.59 12.7964
4 0 0  498.59 12.7964
5 0 0  498.59 12.7964
6 0 0  498.59 12.7964
7 0 0  498.59 12.7964
8 0 0  498.59 12.7964
9 0 0  498.59 12.7964
10 0 0  498.59 12.7964
11 0.46816 0  498.59 12.7964
12 3.74528 0.156053  498.59 12.7964
13 9.20714 0.46816  498.59 12.7964
14 14.0448 0.46816  498.59 12.7964
15 18.4143 0.936319  498.59 12.7964
16 24.5004 0.936319  498.59 12.7964
17 32.6151 1.71659  498.59 12.7964
18 43.5388 2.18474  498.59 12.7964
19 51.6536 3.27712  498.59 12.7964
20 62.4213 3.90133  498.59 12.7964
21 74.2813 4.83765  498.59 12.7964
22 86.9216 4.9937  498.59 12.7964
23 99.718 5.46186  498.59 12.7964
24 115.011 6.39818  498.59 12.7964
25 129.368 6.71029  498.59 12.7964
26 145.91 7.3345  498.59 12.7964
27 161.515 7.80266  498.59 12.7964
28 175.56 8.27082  498.59 12.7964
29 191.165 8.58293  498.59 12.7964
30 210.984 9.36319  498.59 12.7964
31 228.462 9.83135  498.59 12.7964
32 245.004 10.1435  498.59 12.7964
33 260.765 10.4556  498.59 12.7964
34 277.775 10.6116  498.59 12.7964
35 296.813 10.6116  498.59 12.7964
36 311.638 10.9237  498.59 12.7964
37 328.492 11.2358  498.59 12.7964
38 347.843 11.5479  498.59 12.7964
39 361.731 11.704  498.59 12.7964
40 377.805 11.704  498.59 12.7964
41 392.63 11.704  498.59 12.7964
42 404.022 12.0161  498.59 12.7964
43 419.783 12.1722  498.59 12.7964
44 432.267 12.3282  498.59 12.7964
45 445.376 12.3282  498.59 12.7964
46 457.236 12.1722  498.59 12.7964
47 470.5 12.3282  498.59 12.7964
48 479.864 12.3282  498.59 12.7964
49 490.475 12.6403  498.59 12.7964
50 498.59 12.7964  498.59 12.7964
51 498.59 12.7964  498.59 12.7964
52 498.59 12.7964  498.59 12.7964
53 498.59 12.7964  498.59 12.7964
54 498.59 12.7964  498.59 12.7964
55 498.59 12.7964  498.59 12.7964
56 498.59 12.7964  498.59 12.7964
57 498.59 12.7964  498.59 12.7964
58 498.59 12.7964  498.59 12.7964
59 498.59 12.7964  498.59 12.7964
60 498.59 12.7964  498.59 12.7964
61 498.59 12.7964  498.59 12.7964
62 498.59 12.7964  498.59 12.7964
63 498.59 12.7964  498.59 12.7964
64 498.59 12.7964  498.59 12.7964
65 498.59 12.7964  498.59 12.7964
66 498.59 12.7964  498.59 12.7964
67 498.59 12.7964  498.59 12.7964
68 498.59 12.7964  498.59 12.7964
69 498.59 12.7964  498.59 12.7964
70 498.59 12.7964  498.59 12.7964
71 498.59 12.7964  498.59 12.7964
72 498.59 12.7964  498.59 12.7964
73 498.59 12.7964  498.59 12.7964
74 498.59 12.7964  498.59 12.7964
75 498.59 12.7964  498.59 12.7964
76 498.59 12.7964  498.59 12.7964
77 498.59 12.7964  498.59 12.7964
78 498.59 12.7964  498.59 12.7964
79 498.59 12.7964  498.59 12.7964
80 498.59 12.7964  498.59 12.7964
81 498.59 12.7964  498.59 12.7964
82 498.59 12.7964  498.59 12.7964
83 498.59 12.7964  498.59 12.7964
84 498.59 12.7964  498.59 12.7964
85 498.59 12.7964  498.59 12.7964
86 498.59 12.7964  498.59 12.7964
87 498.59 12.7964  498.59 12.7964
88 498.59 12.7964  498.59 12.7964
89 498.59 12.7964  498.59 12.7964
90 498.59 12.7964  498.59 12.7964
91 498.59 12.7964  498.59 12.7964
92 498.59 12.7964  498.59 12.7964
93 498.59 12.7964  498.59 12.7964
94 498.59 12.7964  498.59 12.7964
95 498.59 12.7964  498.59 12.7964
96 498.59 12.7964  498.59 12.7964
97 498.59 12.7964  498.59 12.7964
98 498.59 12.7964  498.59 12.7964
99 498.59 12.7964  498.59 12.7964
