0 0 0 19086 105 19086 105
1 0 0 19086 105 19086 105
2 0 0 19086 105 19086 105
3 0 0 19086 105 19086 105
4 0 0 19086 105 19086 105
5 0 0 19086 105 19086 105
6 0 0 19086 105 19086 105
7 0 0 19086 105 19086 105
8 0 0 19086 105 19086 105
9 0 0 19086 105 19086 105
10 0 0 19086 105 19086 105
11 21 0 19065 105 19086 105
12 55 1 19031 104 19086 105
13 97 2 18989 103 19086 105
14 144 2 18942 103 19086 105
15 198 4 18888 101 19086 105
16 285 4 18801 101 19086 105
17 374 5 18712 100 19086 105
18 477 7 18609 98 19086 105
19 601 14 18485 91 19086 105
20 744 17 18342 88 19086 105
21 906 23 18180 82 19086 105
22 1079 26 18007 79 19086 105
23 1277 29 17809 76 19086 105
24 1474 30 17612 75 19086 105
25 1698 34 17388 71 19086 105
26 1949 37 17137 68 19086 105
27 2196 39 16890 66 19086 105
28 2497 47 16589 58 19086 105
29 2793 47 16293 58 19086 105
30 3140 52 15946 53 19086 105
31 3483 52 15603 53 19086 105
32 3873 54 15213 51 19086 105
33 4304 59 14782 46 19086 105
34 4760 59 14326 46 19086 105
35 5285 61 13801 44 19086 105
36 5787 65 13299 40 19086 105
37 6325 68 12761 37 19086 105
38 6974 68 12112 37 19086 105
39 7612 70 11474 35 19086 105
40 8303 70 10783 35 19086 105
41 9040 73 10046 32 19086 105
42 9731 73 9355 32 19086 105
43 10424 73 8662 32 19086 105
44 11100 77 7986 28 19086 105
45 11723 81 7363 24 19086 105
46 12328 82 6758 23 19086 105
47 12860 82 6226 23 19086 105
48 13322 85 5764 20 19086 105
49 13729 88 5357 17 19086 105
50 14090 89 4996 16 19086 105
51 14408 90 4678 15 19086 105
52 14700 92 4386 13 19086 105
53 14963 93 4123 12 19086 105
54 15239 94 3847 11 19086 105
55 15479 95 3607 10 19086 105
56 15721 96 3365 9 19086 105
57 15921 96 3165 9 19086 105
58 16116 96 2970 9 19086 105
59 16271 97 2815 8 19086 105
60 16398 97 2688 8 19086 105
61 16551 98 2535 7 19086 105
62 16657 99 2429 6 19086 105
63 16767 99 2319 6 19086 105
64 16885 99 2201 6 19086 105
65 16996 99 2090 6 19086 105
66 17092 99 1994 6 19086 105
67 17187 99 1899 6 19086 105
68 17278 99 1808 6 19086 105
69 17351 99 1735 6 19086 105
70 17432 100 1654 5 19086 105
71 17509 100 1577 5 19086 105
72 17584 100 1502 5 19086 105
73 17643 101 1443 4 19086 105
74 17707 101 1379 4 19086 105
75 17760 101 1326 4 19086 105
76 17820 102 1266 3 19086 105
77 17867 102 1219 3 19086 105
78 17910 102 1176 3 19086 105
79 17960 102 1126 3 19086 105
80 18008 102 1078 3 19086 105
81 18042 102 1044 3 19086 105
82 18085 102 1001 3 19086 105
83 18121 102 965 3 19086 105
84 18156 102 930 3 19086 105
85 18193 102 893 3 19086 105
86 18224 102 862 3 19086 105
87 18255 102 831 3 19086 105
88 18284 102 802 3 19086 105
89 18317 102 769 3 19086 105
90 18342 102 744 3 19086 105
91 18371 102 715 3 19086 105
92 18396 102 690 3 19086 105
93 18412 102 674 3 19086 105
94 18438 102 648 3 19086 105
95 18465 102 621 3 19086 105
96 18487 102 599 3 19086 105
97 18504 102 582 3 19086 105
98 18522 102 564 3 19086 105
99 18544 102 542 3 19086 105
