0 0 0 616.981 19.4019
1 0 0 616.981 19.4019
2 0 0 616.981 19.4019
3 0 0 616.981 19.4019
4 0 0 616.981 19.4019
5 0 0 616.981 19.4019
6 0 0 616.981 19.4019
7 0 0 616.981 19.4019
8 0 0 616.981 19.4019
9 0 0 616.981 19.4019
10 0 0 616.981 19.4019
11 0 0 616.981 19.4019
12 0 0 616.981 19.4019
13 0 0 616.981 19.4019
14 0 0 616.981 19.4019
15 7.76077 0 616.981 19.4019
16 19.4019 3.88038 616.981 19.4019
17 23.2823 7.76077 616.981 19.4019
18 31.0431 11.6412 616.981 19.4019
19 46.5646 11.6412 616.981 19.4019
20 62.0861 11.6412 616.981 19.4019
21 69.8469 11.6412 616.981 19.4019
22 112.531 11.6412 616.981 19.4019
23 139.694 15.5215 616.981 19.4019
24 190.139 15.5215 616.981 19.4019
25 263.866 15.5215 616.981 19.4019
26 318.192 15.5215 616.981 19.4019
27 399.68 19.4019 616.981 19.4019
28 465.646 19.4019 616.981 19.4019
29 527.732 15.5215 616.981 19.4019
30 616.981 19.4019 616.981 19.4019
31 616.981 19.4019 616.981 19.4019
32 616.981 19.4019 616.981 19.4019
33 616.981 19.4019 616.981 19.4019
34 616.981 19.4019 616.981 19.4019
35 616.981 19.4019 616.981 19.4019
36 616.981 19.4019 616.981 19.4019
37 616.981 19.4019 616.981 19.4019
38 616.981 19.4019 616.981 19.4019
39 616.981 19.4019 616.981 19.4019
40 616.981 19.4019 616.981 19.4019
41 616.981 19.4019 616.981 19.4019
42 616.981 19.4019 616.981 19.4019
43 616.981 19.4019 616.981 19.4019
44 616.981 19.4019 616.981 19.4019
45 616.981 19.4019 616.981 19.4019
46 616.981 19.4019 616.981 19.4019
47 616.981 19.4019 616.981 19.4019
48 616.981 19.4019 616.981 19.4019
49 616.981 19.4019 616.981 19.4019
50 616.981 19.4019 616.981 19.4019
51 616.981 19.4019 616.981 19.4019
52 616.981 19.4019 616.981 19.4019
53 616.981 19.4019 616.981 19.4019
54 616.981 19.4019 616.981 19.4019
55 616.981 19.4019 616.981 19.4019
56 616.981 19.4019 616.981 19.4019
57 616.981 19.4019 616.981 19.4019
58 616.981 19.4019 616.981 19.4019
59 616.981 19.4019 616.981 19.4019
60 616.981 19.4019 616.981 19.4019
61 616.981 19.4019 616.981 19.4019
62 616.981 19.4019 616.981 19.4019
63 616.981 19.4019 616.981 19.4019
64 616.981 19.4019 616.981 19.4019
65 616.981 19.4019 616.981 19.4019
66 616.981 19.4019 616.981 19.4019
67 616.981 19.4019 616.981 19.4019
68 616.981 19.4019 616.981 19.4019
69 616.981 19.4019 616.981 19.4019
70 616.981 19.4019 616.981 19.4019
71 616.981 19.4019 616.981 19.4019
72 616.981 19.4019 616.981 19.4019
73 616.981 19.4019 616.981 19.4019
74 616.981 19.4019 616.981 19.4019
75 616.981 19.4019 616.981 19.4019
76 616.981 19.4019 616.981 19.4019
77 616.981 19.4019 616.981 19.4019
78 616.981 19.4019 616.981 19.4019
79 616.981 19.4019 616.981 19.4019
80 616.981 19.4019 616.981 19.4019
81 616.981 19.4019 616.981 19.4019
82 616.981 19.4019 616.981 19.4019
83 616.981 19.4019 616.981 19.4019
84 616.981 19.4019 616.981 19.4019
85 616.981 19.4019 616.981 19.4019
86 616.981 19.4019 616.981 19.4019
87 616.981 19.4019 616.981 19.4019
88 616.981 19.4019 616.981 19.4019
89 616.981 19.4019 616.981 19.4019
90 616.981 19.4019 616.981 19.4019
91 616.981 19.4019 616.981 19.4019
92 616.981 19.4019 616.981 19.4019
93 616.981 19.4019 616.981 19.4019
94 616.981 19.4019 616.981 19.4019
95 616.981 19.4019 616.981 19.4019
96 616.981 19.4019 616.981 19.4019
97 616.981 19.4019 616.981 19.4019
98 616.981 19.4019 616.981 19.4019
99 616.981 19.4019 616.981 19.4019
