0 0 0  1216.41 486.343
1 0 0  1216.41 486.343
2 0 0  1216.41 486.343
3 0 0  1216.41 486.343
4 0 0  1216.41 486.343
5 0 0  1216.41 486.343
6 0 0  1216.41 486.343
7 0 0  1216.41 486.343
8 0 0  1216.41 486.343
9 0 0  1216.41 486.343
10 0 0  1216.41 486.343
11 0.299225 0  1216.41 486.343
12 2.97919 1.19103  1216.41 486.343
13 11.0163 4.76743  1216.41 486.343
14 22.0223 10.1098  1216.41 486.343
15 49.6906 16.9271  1216.41 486.343
16 90.9902 34.4892  1216.41 486.343
17 158.446 58.9117  1216.41 486.343
18 230.719 85.0726  1216.41 486.343
19 325.802 121.318  1216.41 486.343
20 427.156 160.264  1216.41 486.343
21 533.883 199.187  1216.41 486.343
22 631.942 237.8  1216.41 486.343
23 723.505 278.233  1216.41 486.343
24 820.386 317.46  1216.41 486.343
25 911.062 353.149  1216.41 486.343
26 986.902 386.752  1216.41 486.343
27 1055.83 416.751  1216.41 486.343
28 1122.73 441.141  1216.41 486.343
29 1170.02 465.543  1216.41 486.343
30 1216.41 486.343  1216.41 486.343
31 1216.41 486.343  1216.41 486.343
32 1216.41 486.343  1216.41 486.343
33 1216.41 486.343  1216.41 486.343
34 1216.41 486.343  1216.41 486.343
35 1216.41 486.343  1216.41 486.343
36 1216.41 486.343  1216.41 486.343
37 1216.41 486.343  1216.41 486.343
38 1216.41 486.343  1216.41 486.343
39 1216.41 486.343  1216.41 486.343
40 1216.41 486.343  1216.41 486.343
41 1216.41 486.343  1216.41 486.343
42 1216.41 486.343  1216.41 486.343
43 1216.41 486.343  1216.41 486.343
44 1216.41 486.343  1216.41 486.343
45 1216.41 486.343  1216.41 486.343
46 1216.41 486.343  1216.41 486.343
47 1216.41 486.343  1216.41 486.343
48 1216.41 486.343  1216.41 486.343
49 1216.41 486.343  1216.41 486.343
50 1216.41 486.343  1216.41 486.343
51 1216.41 486.343  1216.41 486.343
52 1216.41 486.343  1216.41 486.343
53 1216.41 486.343  1216.41 486.343
54 1216.41 486.343  1216.41 486.343
55 1216.41 486.343  1216.41 486.343
56 1216.41 486.343  1216.41 486.343
57 1216.41 486.343  1216.41 486.343
58 1216.41 486.343  1216.41 486.343
59 1216.41 486.343  1216.41 486.343
60 1216.41 486.343  1216.41 486.343
61 1216.41 486.343  1216.41 486.343
62 1216.41 486.343  1216.41 486.343
63 1216.41 486.343  1216.41 486.343
64 1216.41 486.343  1216.41 486.343
65 1216.41 486.343  1216.41 486.343
66 1216.41 486.343  1216.41 486.343
67 1216.41 486.343  1216.41 486.343
68 1216.41 486.343  1216.41 486.343
69 1216.41 486.343  1216.41 486.343
70 1216.41 486.343  1216.41 486.343
71 1216.41 486.343  1216.41 486.343
72 1216.41 486.343  1216.41 486.343
73 1216.41 486.343  1216.41 486.343
74 1216.41 486.343  1216.41 486.343
75 1216.41 486.343  1216.41 486.343
76 1216.41 486.343  1216.41 486.343
77 1216.41 486.343  1216.41 486.343
78 1216.41 486.343  1216.41 486.343
79 1216.41 486.343  1216.41 486.343
80 1216.41 486.343  1216.41 486.343
81 1216.41 486.343  1216.41 486.343
82 1216.41 486.343  1216.41 486.343
83 1216.41 486.343  1216.41 486.343
84 1216.41 486.343  1216.41 486.343
85 1216.41 486.343  1216.41 486.343
86 1216.41 486.343  1216.41 486.343
87 1216.41 486.343  1216.41 486.343
88 1216.41 486.343  1216.41 486.343
89 1216.41 486.343  1216.41 486.343
90 1216.41 486.343  1216.41 486.343
91 1216.41 486.343  1216.41 486.343
92 1216.41 486.343  1216.41 486.343
93 1216.41 486.343  1216.41 486.343
94 1216.41 486.343  1216.41 486.343
95 1216.41 486.343  1216.41 486.343
96 1216.41 486.343  1216.41 486.343
97 1216.41 486.343  1216.41 486.343
98 1216.41 486.343  1216.41 486.343
99 1216.41 486.343  1216.41 486.343
