0 0 0  182.137 70.7744
1 0 0  182.137 70.7744
2 0 0  182.137 70.7744
3 0 0  182.137 70.7744
4 0 0  182.137 70.7744
5 0 0  182.137 70.7744
6 0 0  182.137 70.7744
7 0 0  182.137 70.7744
8 0 0  182.137 70.7744
9 0 0  182.137 70.7744
10 0 0  182.137 70.7744
11 0 0  182.137 70.7744
12 0.632792 0  182.137 70.7744
13 0.845091 0  182.137 70.7744
14 1.89768 0.630943  182.137 70.7744
15 2.74316 1.47573  182.137 70.7744
16 4.21492 2.10418  182.137 70.7744
17 7.16177 2.31424  182.137 70.7744
18 9.26446 2.9465  182.137 70.7744
19 14.9433 5.05452  182.137 70.7744
20 22.1082 7.37326  182.137 70.7744
21 28.856 9.26608  182.137 70.7744
22 38.7473 13.4755  182.137 70.7744
23 49.2682 16.8478  182.137 70.7744
24 61.4703 22.331  182.137 70.7744
25 77.2728 28.4382  182.137 70.7744
26 94.5313 33.0751  182.137 70.7744
27 112.219 39.5996  182.137 70.7744
28 132.242 49.2882  182.137 70.7744
29 152.871 59.1874  182.137 70.7744
30 182.137 70.7744  182.137 70.7744
31 182.137 70.7744  182.137 70.7744
32 182.137 70.7744  182.137 70.7744
33 182.137 70.7744  182.137 70.7744
34 182.137 70.7744  182.137 70.7744
35 182.137 70.7744  182.137 70.7744
36 182.137 70.7744  182.137 70.7744
37 182.137 70.7744  182.137 70.7744
38 182.137 70.7744  182.137 70.7744
39 182.137 70.7744  182.137 70.7744
40 182.137 70.7744  182.137 70.7744
41 182.137 70.7744  182.137 70.7744
42 182.137 70.7744  182.137 70.7744
43 182.137 70.7744  182.137 70.7744
44 182.137 70.7744  182.137 70.7744
45 182.137 70.7744  182.137 70.7744
46 182.137 70.7744  182.137 70.7744
47 182.137 70.7744  182.137 70.7744
48 182.137 70.7744  182.137 70.7744
49 182.137 70.7744  182.137 70.7744
50 182.137 70.7744  182.137 70.7744
51 182.137 70.7744  182.137 70.7744
52 182.137 70.7744  182.137 70.7744
53 182.137 70.7744  182.137 70.7744
54 182.137 70.7744  182.137 70.7744
55 182.137 70.7744  182.137 70.7744
56 182.137 70.7744  182.137 70.7744
57 182.137 70.7744  182.137 70.7744
58 182.137 70.7744  182.137 70.7744
59 182.137 70.7744  182.137 70.7744
60 182.137 70.7744  182.137 70.7744
61 182.137 70.7744  182.137 70.7744
62 182.137 70.7744  182.137 70.7744
63 182.137 70.7744  182.137 70.7744
64 182.137 70.7744  182.137 70.7744
65 182.137 70.7744  182.137 70.7744
66 182.137 70.7744  182.137 70.7744
67 182.137 70.7744  182.137 70.7744
68 182.137 70.7744  182.137 70.7744
69 182.137 70.7744  182.137 70.7744
70 182.137 70.7744  182.137 70.7744
71 182.137 70.7744  182.137 70.7744
72 182.137 70.7744  182.137 70.7744
73 182.137 70.7744  182.137 70.7744
74 182.137 70.7744  182.137 70.7744
75 182.137 70.7744  182.137 70.7744
76 182.137 70.7744  182.137 70.7744
77 182.137 70.7744  182.137 70.7744
78 182.137 70.7744  182.137 70.7744
79 182.137 70.7744  182.137 70.7744
80 182.137 70.7744  182.137 70.7744
81 182.137 70.7744  182.137 70.7744
82 182.137 70.7744  182.137 70.7744
83 182.137 70.7744  182.137 70.7744
84 182.137 70.7744  182.137 70.7744
85 182.137 70.7744  182.137 70.7744
86 182.137 70.7744  182.137 70.7744
87 182.137 70.7744  182.137 70.7744
88 182.137 70.7744  182.137 70.7744
89 182.137 70.7744  182.137 70.7744
90 182.137 70.7744  182.137 70.7744
91 182.137 70.7744  182.137 70.7744
92 182.137 70.7744  182.137 70.7744
93 182.137 70.7744  182.137 70.7744
94 182.137 70.7744  182.137 70.7744
95 182.137 70.7744  182.137 70.7744
96 182.137 70.7744  182.137 70.7744
97 182.137 70.7744  182.137 70.7744
98 182.137 70.7744  182.137 70.7744
99 182.137 70.7744  182.137 70.7744
