0 0 0  823.704 307.913
1 0 0  823.704 307.913
2 0 0  823.704 307.913
3 0 0  823.704 307.913
4 0 0  823.704 307.913
5 0 0  823.704 307.913
6 0 0  823.704 307.913
7 0 0  823.704 307.913
8 0 0  823.704 307.913
9 0 0  823.704 307.913
10 0 0  823.704 307.913
11 -0.224002 0  823.704 307.913
12 1.55109 1.1042  823.704 307.913
13 5.10848 2.43764  823.704 307.913
14 11.1052 3.76994  823.704 307.913
15 21.7675 6.88805  823.704 307.913
16 32.8777 12.2209  823.704 307.913
17 48.8406 22.6524  823.704 307.913
18 74.1664 32.4178  823.704 307.913
19 101.253 43.9784  823.704 307.913
20 131.667 54.1703  823.704 307.913
21 172.5 66.3616  823.704 307.913
22 221.144 85.447  823.704 307.913
23 270.856 105.175  823.704 307.913
24 337.059 127.837  823.704 307.913
25 406.306 153.58  823.704 307.913
26 474.876 181.776  823.704 307.913
27 553.471 212.872  823.704 307.913
28 652.255 241.517  823.704 307.913
29 745.087 271.954  823.704 307.913
30 823.704 307.913  823.704 307.913
31 823.704 307.913  823.704 307.913
32 823.704 307.913  823.704 307.913
33 823.704 307.913  823.704 307.913
34 823.704 307.913  823.704 307.913
35 823.704 307.913  823.704 307.913
36 823.704 307.913  823.704 307.913
37 823.704 307.913  823.704 307.913
38 823.704 307.913  823.704 307.913
39 823.704 307.913  823.704 307.913
40 823.704 307.913  823.704 307.913
41 823.704 307.913  823.704 307.913
42 823.704 307.913  823.704 307.913
43 823.704 307.913  823.704 307.913
44 823.704 307.913  823.704 307.913
45 823.704 307.913  823.704 307.913
46 823.704 307.913  823.704 307.913
47 823.704 307.913  823.704 307.913
48 823.704 307.913  823.704 307.913
49 823.704 307.913  823.704 307.913
50 823.704 307.913  823.704 307.913
51 823.704 307.913  823.704 307.913
52 823.704 307.913  823.704 307.913
53 823.704 307.913  823.704 307.913
54 823.704 307.913  823.704 307.913
55 823.704 307.913  823.704 307.913
56 823.704 307.913  823.704 307.913
57 823.704 307.913  823.704 307.913
58 823.704 307.913  823.704 307.913
59 823.704 307.913  823.704 307.913
60 823.704 307.913  823.704 307.913
61 823.704 307.913  823.704 307.913
62 823.704 307.913  823.704 307.913
63 823.704 307.913  823.704 307.913
64 823.704 307.913  823.704 307.913
65 823.704 307.913  823.704 307.913
66 823.704 307.913  823.704 307.913
67 823.704 307.913  823.704 307.913
68 823.704 307.913  823.704 307.913
69 823.704 307.913  823.704 307.913
70 823.704 307.913  823.704 307.913
71 823.704 307.913  823.704 307.913
72 823.704 307.913  823.704 307.913
73 823.704 307.913  823.704 307.913
74 823.704 307.913  823.704 307.913
75 823.704 307.913  823.704 307.913
76 823.704 307.913  823.704 307.913
77 823.704 307.913  823.704 307.913
78 823.704 307.913  823.704 307.913
79 823.704 307.913  823.704 307.913
80 823.704 307.913  823.704 307.913
81 823.704 307.913  823.704 307.913
82 823.704 307.913  823.704 307.913
83 823.704 307.913  823.704 307.913
84 823.704 307.913  823.704 307.913
85 823.704 307.913  823.704 307.913
86 823.704 307.913  823.704 307.913
87 823.704 307.913  823.704 307.913
88 823.704 307.913  823.704 307.913
89 823.704 307.913  823.704 307.913
90 823.704 307.913  823.704 307.913
91 823.704 307.913  823.704 307.913
92 823.704 307.913  823.704 307.913
93 823.704 307.913  823.704 307.913
94 823.704 307.913  823.704 307.913
95 823.704 307.913  823.704 307.913
96 823.704 307.913  823.704 307.913
97 823.704 307.913  823.704 307.913
98 823.704 307.913  823.704 307.913
99 823.704 307.913  823.704 307.913
