0 823.704 307.913 823.704 307.913
1 823.704 307.913 823.704 307.913
2 823.704 307.913 823.704 307.913
3 823.704 307.913 823.704 307.913
4 823.704 307.913 823.704 307.913
5 823.704 307.913 823.704 307.913
6 823.704 307.913 823.704 307.913
7 823.704 307.913 823.704 307.913
8 823.704 307.913 823.704 307.913
9 823.704 307.913 823.704 307.913
10 823.704 307.913 823.704 307.913
11 823.928 307.913 823.704 307.913
12 822.153 306.809 823.704 307.913
13 818.595 305.475 823.704 307.913
14 812.598 304.143 823.704 307.913
15 801.936 301.025 823.704 307.913
16 790.826 295.692 823.704 307.913
17 774.863 285.261 823.704 307.913
18 749.537 275.495 823.704 307.913
19 722.451 263.935 823.704 307.913
20 692.037 253.743 823.704 307.913
21 651.204 241.551 823.704 307.913
22 602.559 222.466 823.704 307.913
23 552.848 202.738 823.704 307.913
24 486.645 180.076 823.704 307.913
25 417.398 154.333 823.704 307.913
26 348.828 126.137 823.704 307.913
27 270.232 95.0408 823.704 307.913
28 171.448 66.3964 823.704 307.913
29 78.617 35.9586 823.704 307.913
30 0 0 823.704 307.913
31 0 0 823.704 307.913
32 0 0 823.704 307.913
33 0 0 823.704 307.913
34 0 0 823.704 307.913
35 0 0 823.704 307.913
36 0 0 823.704 307.913
37 0 0 823.704 307.913
38 0 0 823.704 307.913
39 0 0 823.704 307.913
40 0 0 823.704 307.913
41 0 0 823.704 307.913
42 0 0 823.704 307.913
43 0 0 823.704 307.913
44 0 0 823.704 307.913
45 0 0 823.704 307.913
46 0 0 823.704 307.913
47 0 0 823.704 307.913
48 0 0 823.704 307.913
49 0 0 823.704 307.913
50 0 0 823.704 307.913
51 0 0 823.704 307.913
52 0 0 823.704 307.913
53 0 0 823.704 307.913
54 0 0 823.704 307.913
55 0 0 823.704 307.913
56 0 0 823.704 307.913
57 0 0 823.704 307.913
58 0 0 823.704 307.913
59 0 0 823.704 307.913
60 0 0 823.704 307.913
61 0 0 823.704 307.913
62 0 0 823.704 307.913
63 0 0 823.704 307.913
64 0 0 823.704 307.913
65 0 0 823.704 307.913
66 0 0 823.704 307.913
67 0 0 823.704 307.913
68 0 0 823.704 307.913
69 0 0 823.704 307.913
70 0 0 823.704 307.913
71 0 0 823.704 307.913
72 0 0 823.704 307.913
73 0 0 823.704 307.913
74 0 0 823.704 307.913
75 0 0 823.704 307.913
76 0 0 823.704 307.913
77 0 0 823.704 307.913
78 0 0 823.704 307.913
79 0 0 823.704 307.913
80 0 0 823.704 307.913
81 0 0 823.704 307.913
82 0 0 823.704 307.913
83 0 0 823.704 307.913
84 0 0 823.704 307.913
85 0 0 823.704 307.913
86 0 0 823.704 307.913
87 0 0 823.704 307.913
88 0 0 823.704 307.913
89 0 0 823.704 307.913
90 0 0 823.704 307.913
91 0 0 823.704 307.913
92 0 0 823.704 307.913
93 0 0 823.704 307.913
94 0 0 823.704 307.913
95 0 0 823.704 307.913
96 0 0 823.704 307.913
97 0 0 823.704 307.913
98 0 0 823.704 307.913
99 0 0 823.704 307.913
