0 0 0  1196.95 477.059
1 0 0  1196.95 477.059
2 0 0  1196.95 477.059
3 0 0  1196.95 477.059
4 0 0  1196.95 477.059
5 0 0  1196.95 477.059
6 0 0  1196.95 477.059
7 0 0  1196.95 477.059
8 0 0  1196.95 477.059
9 0 0  1196.95 477.059
10 0 0  1196.95 477.059
11 1.05566 0.209585  1196.95 477.059
12 3.37023 0.841148  1196.95 477.059
13 7.37104 2.31532  1196.95 477.059
14 18.1115 3.9966  1196.95 477.059
15 36.0048 8.62316  1196.95 477.059
16 56.8697 15.3753  1196.95 477.059
17 89.5654 27.3796  1196.95 477.059
18 138.683 42.9649  1196.95 477.059
19 193.259 66.5594  1196.95 477.059
20 260.72 97.3111  1196.95 477.059
21 347.322 133.172  1196.95 477.059
22 451.272 175.1  1196.95 477.059
23 565.912 219.952  1196.95 477.059
24 680.088 273.488  1196.95 477.059
25 796.213 320.257  1196.95 477.059
26 910.653 363.681  1196.95 477.059
27 998.73 398.022  1196.95 477.059
28 1077.31 430.074  1196.95 477.059
29 1146.01 456.197  1196.95 477.059
30 1196.95 477.059  1196.95 477.059
31 1196.95 477.059  1196.95 477.059
32 1196.95 477.059  1196.95 477.059
33 1196.95 477.059  1196.95 477.059
34 1196.95 477.059  1196.95 477.059
35 1196.95 477.059  1196.95 477.059
36 1196.95 477.059  1196.95 477.059
37 1196.95 477.059  1196.95 477.059
38 1196.95 477.059  1196.95 477.059
39 1196.95 477.059  1196.95 477.059
40 1196.95 477.059  1196.95 477.059
41 1196.95 477.059  1196.95 477.059
42 1196.95 477.059  1196.95 477.059
43 1196.95 477.059  1196.95 477.059
44 1196.95 477.059  1196.95 477.059
45 1196.95 477.059  1196.95 477.059
46 1196.95 477.059  1196.95 477.059
47 1196.95 477.059  1196.95 477.059
48 1196.95 477.059  1196.95 477.059
49 1196.95 477.059  1196.95 477.059
50 1196.95 477.059  1196.95 477.059
51 1196.95 477.059  1196.95 477.059
52 1196.95 477.059  1196.95 477.059
53 1196.95 477.059  1196.95 477.059
54 1196.95 477.059  1196.95 477.059
55 1196.95 477.059  1196.95 477.059
56 1196.95 477.059  1196.95 477.059
57 1196.95 477.059  1196.95 477.059
58 1196.95 477.059  1196.95 477.059
59 1196.95 477.059  1196.95 477.059
60 1196.95 477.059  1196.95 477.059
61 1196.95 477.059  1196.95 477.059
62 1196.95 477.059  1196.95 477.059
63 1196.95 477.059  1196.95 477.059
64 1196.95 477.059  1196.95 477.059
65 1196.95 477.059  1196.95 477.059
66 1196.95 477.059  1196.95 477.059
67 1196.95 477.059  1196.95 477.059
68 1196.95 477.059  1196.95 477.059
69 1196.95 477.059  1196.95 477.059
70 1196.95 477.059  1196.95 477.059
71 1196.95 477.059  1196.95 477.059
72 1196.95 477.059  1196.95 477.059
73 1196.95 477.059  1196.95 477.059
74 1196.95 477.059  1196.95 477.059
75 1196.95 477.059  1196.95 477.059
76 1196.95 477.059  1196.95 477.059
77 1196.95 477.059  1196.95 477.059
78 1196.95 477.059  1196.95 477.059
79 1196.95 477.059  1196.95 477.059
80 1196.95 477.059  1196.95 477.059
81 1196.95 477.059  1196.95 477.059
82 1196.95 477.059  1196.95 477.059
83 1196.95 477.059  1196.95 477.059
84 1196.95 477.059  1196.95 477.059
85 1196.95 477.059  1196.95 477.059
86 1196.95 477.059  1196.95 477.059
87 1196.95 477.059  1196.95 477.059
88 1196.95 477.059  1196.95 477.059
89 1196.95 477.059  1196.95 477.059
90 1196.95 477.059  1196.95 477.059
91 1196.95 477.059  1196.95 477.059
92 1196.95 477.059  1196.95 477.059
93 1196.95 477.059  1196.95 477.059
94 1196.95 477.059  1196.95 477.059
95 1196.95 477.059  1196.95 477.059
96 1196.95 477.059  1196.95 477.059
97 1196.95 477.059  1196.95 477.059
98 1196.95 477.059  1196.95 477.059
99 1196.95 477.059  1196.95 477.059
