0 0 0  201.219 76.9075
1 0 0  201.219 76.9075
2 0 0  201.219 76.9075
3 0 0  201.219 76.9075
4 0 0  201.219 76.9075
5 0 0  201.219 76.9075
6 0 0  201.219 76.9075
7 0 0  201.219 76.9075
8 0 0  201.219 76.9075
9 0 0  201.219 76.9075
10 0 0  201.219 76.9075
11 0 0  201.219 76.9075
12 0.210096 0  201.219 76.9075
13 1.4717 0.210003  201.219 76.9075
14 2.52559 0.840044  201.219 76.9075
15 3.56917 2.52893  201.219 76.9075
16 6.08851 3.15403  201.219 76.9075
17 8.40148 3.57351  201.219 76.9075
18 12.8155 5.25507  201.219 76.9075
19 17.2207 6.72408  201.219 76.9075
20 22.0522 8.81877  201.219 76.9075
21 30.6741 10.9149  201.219 76.9075
22 38.8666 15.5404  201.219 76.9075
23 48.9449 19.1227  201.219 76.9075
24 64.0613 23.946  201.219 76.9075
25 83.5867 29.6116  201.219 76.9075
26 98.5124 36.5467  201.219 76.9075
27 117.2 43.0559  201.219 76.9075
28 141.766 53.7748  201.219 76.9075
29 168.669 63.4608  201.219 76.9075
30 201.219 76.9075  201.219 76.9075
31 201.219 76.9075  201.219 76.9075
32 201.219 76.9075  201.219 76.9075
33 201.219 76.9075  201.219 76.9075
34 201.219 76.9075  201.219 76.9075
35 201.219 76.9075  201.219 76.9075
36 201.219 76.9075  201.219 76.9075
37 201.219 76.9075  201.219 76.9075
38 201.219 76.9075  201.219 76.9075
39 201.219 76.9075  201.219 76.9075
40 201.219 76.9075  201.219 76.9075
41 201.219 76.9075  201.219 76.9075
42 201.219 76.9075  201.219 76.9075
43 201.219 76.9075  201.219 76.9075
44 201.219 76.9075  201.219 76.9075
45 201.219 76.9075  201.219 76.9075
46 201.219 76.9075  201.219 76.9075
47 201.219 76.9075  201.219 76.9075
48 201.219 76.9075  201.219 76.9075
49 201.219 76.9075  201.219 76.9075
50 201.219 76.9075  201.219 76.9075
51 201.219 76.9075  201.219 76.9075
52 201.219 76.9075  201.219 76.9075
53 201.219 76.9075  201.219 76.9075
54 201.219 76.9075  201.219 76.9075
55 201.219 76.9075  201.219 76.9075
56 201.219 76.9075  201.219 76.9075
57 201.219 76.9075  201.219 76.9075
58 201.219 76.9075  201.219 76.9075
59 201.219 76.9075  201.219 76.9075
60 201.219 76.9075  201.219 76.9075
61 201.219 76.9075  201.219 76.9075
62 201.219 76.9075  201.219 76.9075
63 201.219 76.9075  201.219 76.9075
64 201.219 76.9075  201.219 76.9075
65 201.219 76.9075  201.219 76.9075
66 201.219 76.9075  201.219 76.9075
67 201.219 76.9075  201.219 76.9075
68 201.219 76.9075  201.219 76.9075
69 201.219 76.9075  201.219 76.9075
70 201.219 76.9075  201.219 76.9075
71 201.219 76.9075  201.219 76.9075
72 201.219 76.9075  201.219 76.9075
73 201.219 76.9075  201.219 76.9075
74 201.219 76.9075  201.219 76.9075
75 201.219 76.9075  201.219 76.9075
76 201.219 76.9075  201.219 76.9075
77 201.219 76.9075  201.219 76.9075
78 201.219 76.9075  201.219 76.9075
79 201.219 76.9075  201.219 76.9075
80 201.219 76.9075  201.219 76.9075
81 201.219 76.9075  201.219 76.9075
82 201.219 76.9075  201.219 76.9075
83 201.219 76.9075  201.219 76.9075
84 201.219 76.9075  201.219 76.9075
85 201.219 76.9075  201.219 76.9075
86 201.219 76.9075  201.219 76.9075
87 201.219 76.9075  201.219 76.9075
88 201.219 76.9075  201.219 76.9075
89 201.219 76.9075  201.219 76.9075
90 201.219 76.9075  201.219 76.9075
91 201.219 76.9075  201.219 76.9075
92 201.219 76.9075  201.219 76.9075
93 201.219 76.9075  201.219 76.9075
94 201.219 76.9075  201.219 76.9075
95 201.219 76.9075  201.219 76.9075
96 201.219 76.9075  201.219 76.9075
97 201.219 76.9075  201.219 76.9075
98 201.219 76.9075  201.219 76.9075
99 201.219 76.9075  201.219 76.9075
