0 0 0  178.99 62.791
1 0 0  178.99 62.791
2 0 0  178.99 62.791
3 0 0  178.99 62.791
4 0 0  178.99 62.791
5 0 0  178.99 62.791
6 0 0  178.99 62.791
7 0 0  178.99 62.791
8 0 0  178.99 62.791
9 0 0  178.99 62.791
10 0 0  178.99 62.791
11 0.427871 0  178.99 62.791
12 0.854771 0.212952  178.99 62.791
13 0.854771 0.212952  178.99 62.791
14 1.71179 0.428396  178.99 62.791
15 3.41654 0.853422  178.99 62.791
16 5.55858 1.49338  178.99 62.791
17 7.91183 2.56196  178.99 62.791
18 13.0483 3.62961  178.99 62.791
19 16.6903 5.55047  178.99 62.791
20 21.8113 7.90026  178.99 62.791
21 28.2178 8.96805  178.99 62.791
22 36.5497 10.6775  178.99 62.791
23 46.3684 13.6726  178.99 62.791
24 55.5632 19.2216  178.99 62.791
25 69.6434 22.6401  178.99 62.791
26 87.3847 27.983  178.99 62.791
27 106.37 34.3992  178.99 62.791
28 128.163 41.8721  178.99 62.791
29 154.21 51.2615  178.99 62.791
30 178.99 62.791  178.99 62.791
31 178.99 62.791  178.99 62.791
32 178.99 62.791  178.99 62.791
33 178.99 62.791  178.99 62.791
34 178.99 62.791  178.99 62.791
35 178.99 62.791  178.99 62.791
36 178.99 62.791  178.99 62.791
37 178.99 62.791  178.99 62.791
38 178.99 62.791  178.99 62.791
39 178.99 62.791  178.99 62.791
40 178.99 62.791  178.99 62.791
41 178.99 62.791  178.99 62.791
42 178.99 62.791  178.99 62.791
43 178.99 62.791  178.99 62.791
44 178.99 62.791  178.99 62.791
45 178.99 62.791  178.99 62.791
46 178.99 62.791  178.99 62.791
47 178.99 62.791  178.99 62.791
48 178.99 62.791  178.99 62.791
49 178.99 62.791  178.99 62.791
50 178.99 62.791  178.99 62.791
51 178.99 62.791  178.99 62.791
52 178.99 62.791  178.99 62.791
53 178.99 62.791  178.99 62.791
54 178.99 62.791  178.99 62.791
55 178.99 62.791  178.99 62.791
56 178.99 62.791  178.99 62.791
57 178.99 62.791  178.99 62.791
58 178.99 62.791  178.99 62.791
59 178.99 62.791  178.99 62.791
60 178.99 62.791  178.99 62.791
61 178.99 62.791  178.99 62.791
62 178.99 62.791  178.99 62.791
63 178.99 62.791  178.99 62.791
64 178.99 62.791  178.99 62.791
65 178.99 62.791  178.99 62.791
66 178.99 62.791  178.99 62.791
67 178.99 62.791  178.99 62.791
68 178.99 62.791  178.99 62.791
69 178.99 62.791  178.99 62.791
70 178.99 62.791  178.99 62.791
71 178.99 62.791  178.99 62.791
72 178.99 62.791  178.99 62.791
73 178.99 62.791  178.99 62.791
74 178.99 62.791  178.99 62.791
75 178.99 62.791  178.99 62.791
76 178.99 62.791  178.99 62.791
77 178.99 62.791  178.99 62.791
78 178.99 62.791  178.99 62.791
79 178.99 62.791  178.99 62.791
80 178.99 62.791  178.99 62.791
81 178.99 62.791  178.99 62.791
82 178.99 62.791  178.99 62.791
83 178.99 62.791  178.99 62.791
84 178.99 62.791  178.99 62.791
85 178.99 62.791  178.99 62.791
86 178.99 62.791  178.99 62.791
87 178.99 62.791  178.99 62.791
88 178.99 62.791  178.99 62.791
89 178.99 62.791  178.99 62.791
90 178.99 62.791  178.99 62.791
91 178.99 62.791  178.99 62.791
92 178.99 62.791  178.99 62.791
93 178.99 62.791  178.99 62.791
94 178.99 62.791  178.99 62.791
95 178.99 62.791  178.99 62.791
96 178.99 62.791  178.99 62.791
97 178.99 62.791  178.99 62.791
98 178.99 62.791  178.99 62.791
99 178.99 62.791  178.99 62.791
