0 258.453 100.468 258.453 100.468
1 258.453 100.468 258.453 100.468
2 258.453 100.468 258.453 100.468
3 258.453 100.468 258.453 100.468
4 258.453 100.468 258.453 100.468
5 258.453 100.468 258.453 100.468
6 258.453 100.468 258.453 100.468
7 258.453 100.468 258.453 100.468
8 258.453 100.468 258.453 100.468
9 258.453 100.468 258.453 100.468
10 258.453 100.468 258.453 100.468
11 258.051 100.468 258.453 100.468
12 257.851 100.268 258.453 100.468
13 256.85 99.8672 258.453 100.468
14 254.845 99.8672 258.453 100.468
15 251.834 99.2662 258.453 100.468
16 248.215 98.0599 258.453 100.468
17 244.001 97.4582 258.453 100.468
18 238.788 95.049 258.453 100.468
19 234.166 90.634 258.453 100.468
20 226.94 87.823 258.453 100.468
21 216.89 83.6075 258.453 100.468
22 205.989 77.1863 258.453 100.468
23 192.534 70.5605 258.453 100.468
24 174.259 63.3279 258.453 100.468
25 156.011 54.6906 258.453 100.468
26 134.334 45.869 258.453 100.468
27 108.275 34.8261 258.453 100.468
28 76.2122 25.291 258.453 100.468
29 38.872 10.2377 258.453 100.468
30 0 0 258.453 100.468
31 0 0 258.453 100.468
32 0 0 258.453 100.468
33 0 0 258.453 100.468
34 0 0 258.453 100.468
35 0 0 258.453 100.468
36 0 0 258.453 100.468
37 0 0 258.453 100.468
38 0 0 258.453 100.468
39 0 0 258.453 100.468
40 0 0 258.453 100.468
41 0 0 258.453 100.468
42 0 0 258.453 100.468
43 0 0 258.453 100.468
44 0 0 258.453 100.468
45 0 0 258.453 100.468
46 0 0 258.453 100.468
47 0 0 258.453 100.468
48 0 0 258.453 100.468
49 0 0 258.453 100.468
50 0 0 258.453 100.468
51 0 0 258.453 100.468
52 0 0 258.453 100.468
53 0 0 258.453 100.468
54 0 0 258.453 100.468
55 0 0 258.453 100.468
56 0 0 258.453 100.468
57 0 0 258.453 100.468
58 0 0 258.453 100.468
59 0 0 258.453 100.468
60 0 0 258.453 100.468
61 0 0 258.453 100.468
62 0 0 258.453 100.468
63 0 0 258.453 100.468
64 0 0 258.453 100.468
65 0 0 258.453 100.468
66 0 0 258.453 100.468
67 0 0 258.453 100.468
68 0 0 258.453 100.468
69 0 0 258.453 100.468
70 0 0 258.453 100.468
71 0 0 258.453 100.468
72 0 0 258.453 100.468
73 0 0 258.453 100.468
74 0 0 258.453 100.468
75 0 0 258.453 100.468
76 0 0 258.453 100.468
77 0 0 258.453 100.468
78 0 0 258.453 100.468
79 0 0 258.453 100.468
80 0 0 258.453 100.468
81 0 0 258.453 100.468
82 0 0 258.453 100.468
83 0 0 258.453 100.468
84 0 0 258.453 100.468
85 0 0 258.453 100.468
86 0 0 258.453 100.468
87 0 0 258.453 100.468
88 0 0 258.453 100.468
89 0 0 258.453 100.468
90 0 0 258.453 100.468
91 0 0 258.453 100.468
92 0 0 258.453 100.468
93 0 0 258.453 100.468
94 0 0 258.453 100.468
95 0 0 258.453 100.468
96 0 0 258.453 100.468
97 0 0 258.453 100.468
98 0 0 258.453 100.468
99 0 0 258.453 100.468
