0 1216.41 486.343 1216.41 486.343
1 1216.41 486.343 1216.41 486.343
2 1216.41 486.343 1216.41 486.343
3 1216.41 486.343 1216.41 486.343
4 1216.41 486.343 1216.41 486.343
5 1216.41 486.343 1216.41 486.343
6 1216.41 486.343 1216.41 486.343
7 1216.41 486.343 1216.41 486.343
8 1216.41 486.343 1216.41 486.343
9 1216.41 486.343 1216.41 486.343
10 1216.41 486.343 1216.41 486.343
11 1216.11 486.343 1216.41 486.343
12 1213.43 485.152 1216.41 486.343
13 1205.39 481.576 1216.41 486.343
14 1194.38 476.234 1216.41 486.343
15 1166.72 469.416 1216.41 486.343
16 1125.42 451.854 1216.41 486.343
17 1057.96 427.432 1216.41 486.343
18 985.688 401.271 1216.41 486.343
19 890.604 365.025 1216.41 486.343
20 789.25 326.079 1216.41 486.343
21 682.523 287.156 1216.41 486.343
22 584.465 248.543 1216.41 486.343
23 492.901 208.111 1216.41 486.343
24 396.02 168.883 1216.41 486.343
25 305.344 133.194 1216.41 486.343
26 229.504 99.591 1216.41 486.343
27 160.575 69.5927 1216.41 486.343
28 93.6806 45.2029 1216.41 486.343
29 46.3905 20.8008 1216.41 486.343
30 0 0 1216.41 486.343
31 0 0 1216.41 486.343
32 0 0 1216.41 486.343
33 0 0 1216.41 486.343
34 0 0 1216.41 486.343
35 0 0 1216.41 486.343
36 0 0 1216.41 486.343
37 0 0 1216.41 486.343
38 0 0 1216.41 486.343
39 0 0 1216.41 486.343
40 0 0 1216.41 486.343
41 0 0 1216.41 486.343
42 0 0 1216.41 486.343
43 0 0 1216.41 486.343
44 0 0 1216.41 486.343
45 0 0 1216.41 486.343
46 0 0 1216.41 486.343
47 0 0 1216.41 486.343
48 0 0 1216.41 486.343
49 0 0 1216.41 486.343
50 0 0 1216.41 486.343
51 0 0 1216.41 486.343
52 0 0 1216.41 486.343
53 0 0 1216.41 486.343
54 0 0 1216.41 486.343
55 0 0 1216.41 486.343
56 0 0 1216.41 486.343
57 0 0 1216.41 486.343
58 0 0 1216.41 486.343
59 0 0 1216.41 486.343
60 0 0 1216.41 486.343
61 0 0 1216.41 486.343
62 0 0 1216.41 486.343
63 0 0 1216.41 486.343
64 0 0 1216.41 486.343
65 0 0 1216.41 486.343
66 0 0 1216.41 486.343
67 0 0 1216.41 486.343
68 0 0 1216.41 486.343
69 0 0 1216.41 486.343
70 0 0 1216.41 486.343
71 0 0 1216.41 486.343
72 0 0 1216.41 486.343
73 0 0 1216.41 486.343
74 0 0 1216.41 486.343
75 0 0 1216.41 486.343
76 0 0 1216.41 486.343
77 0 0 1216.41 486.343
78 0 0 1216.41 486.343
79 0 0 1216.41 486.343
80 0 0 1216.41 486.343
81 0 0 1216.41 486.343
82 0 0 1216.41 486.343
83 0 0 1216.41 486.343
84 0 0 1216.41 486.343
85 0 0 1216.41 486.343
86 0 0 1216.41 486.343
87 0 0 1216.41 486.343
88 0 0 1216.41 486.343
89 0 0 1216.41 486.343
90 0 0 1216.41 486.343
91 0 0 1216.41 486.343
92 0 0 1216.41 486.343
93 0 0 1216.41 486.343
94 0 0 1216.41 486.343
95 0 0 1216.41 486.343
96 0 0 1216.41 486.343
97 0 0 1216.41 486.343
98 0 0 1216.41 486.343
99 0 0 1216.41 486.343
