0 178.99 62.791 178.99 62.791
1 178.99 62.791 178.99 62.791
2 178.99 62.791 178.99 62.791
3 178.99 62.791 178.99 62.791
4 178.99 62.791 178.99 62.791
5 178.99 62.791 178.99 62.791
6 178.99 62.791 178.99 62.791
7 178.99 62.791 178.99 62.791
8 178.99 62.791 178.99 62.791
9 178.99 62.791 178.99 62.791
10 178.99 62.791 178.99 62.791
11 178.562 62.791 178.99 62.791
12 178.135 62.578 178.99 62.791
13 178.135 62.578 178.99 62.791
14 177.278 62.3626 178.99 62.791
15 175.574 61.9375 178.99 62.791
16 173.432 61.2976 178.99 62.791
17 171.078 60.229 178.99 62.791
18 165.942 59.1613 178.99 62.791
19 162.3 57.2405 178.99 62.791
20 157.179 54.8907 178.99 62.791
21 150.772 53.8229 178.99 62.791
22 142.441 52.1135 178.99 62.791
23 132.622 49.1184 178.99 62.791
24 123.427 43.5694 178.99 62.791
25 109.347 40.1509 178.99 62.791
26 91.6055 34.808 178.99 62.791
27 72.6199 28.3917 178.99 62.791
28 50.8275 20.9188 178.99 62.791
29 24.7799 11.5295 178.99 62.791
30 0 0 178.99 62.791
31 0 0 178.99 62.791
32 0 0 178.99 62.791
33 0 0 178.99 62.791
34 0 0 178.99 62.791
35 0 0 178.99 62.791
36 0 0 178.99 62.791
37 0 0 178.99 62.791
38 0 0 178.99 62.791
39 0 0 178.99 62.791
40 0 0 178.99 62.791
41 0 0 178.99 62.791
42 0 0 178.99 62.791
43 0 0 178.99 62.791
44 0 0 178.99 62.791
45 0 0 178.99 62.791
46 0 0 178.99 62.791
47 0 0 178.99 62.791
48 0 0 178.99 62.791
49 0 0 178.99 62.791
50 0 0 178.99 62.791
51 0 0 178.99 62.791
52 0 0 178.99 62.791
53 0 0 178.99 62.791
54 0 0 178.99 62.791
55 0 0 178.99 62.791
56 0 0 178.99 62.791
57 0 0 178.99 62.791
58 0 0 178.99 62.791
59 0 0 178.99 62.791
60 0 0 178.99 62.791
61 0 0 178.99 62.791
62 0 0 178.99 62.791
63 0 0 178.99 62.791
64 0 0 178.99 62.791
65 0 0 178.99 62.791
66 0 0 178.99 62.791
67 0 0 178.99 62.791
68 0 0 178.99 62.791
69 0 0 178.99 62.791
70 0 0 178.99 62.791
71 0 0 178.99 62.791
72 0 0 178.99 62.791
73 0 0 178.99 62.791
74 0 0 178.99 62.791
75 0 0 178.99 62.791
76 0 0 178.99 62.791
77 0 0 178.99 62.791
78 0 0 178.99 62.791
79 0 0 178.99 62.791
80 0 0 178.99 62.791
81 0 0 178.99 62.791
82 0 0 178.99 62.791
83 0 0 178.99 62.791
84 0 0 178.99 62.791
85 0 0 178.99 62.791
86 0 0 178.99 62.791
87 0 0 178.99 62.791
88 0 0 178.99 62.791
89 0 0 178.99 62.791
90 0 0 178.99 62.791
91 0 0 178.99 62.791
92 0 0 178.99 62.791
93 0 0 178.99 62.791
94 0 0 178.99 62.791
95 0 0 178.99 62.791
96 0 0 178.99 62.791
97 0 0 178.99 62.791
98 0 0 178.99 62.791
99 0 0 178.99 62.791
