0 182.137 70.7744 182.137 70.7744
1 182.137 70.7744 182.137 70.7744
2 182.137 70.7744 182.137 70.7744
3 182.137 70.7744 182.137 70.7744
4 182.137 70.7744 182.137 70.7744
5 182.137 70.7744 182.137 70.7744
6 182.137 70.7744 182.137 70.7744
7 182.137 70.7744 182.137 70.7744
8 182.137 70.7744 182.137 70.7744
9 182.137 70.7744 182.137 70.7744
10 182.137 70.7744 182.137 70.7744
11 182.137 70.7744 182.137 70.7744
12 181.504 70.7744 182.137 70.7744
13 181.292 70.7744 182.137 70.7744
14 180.239 70.1435 182.137 70.7744
15 179.394 69.2987 182.137 70.7744
16 177.922 68.6702 182.137 70.7744
17 174.975 68.4602 182.137 70.7744
18 172.872 67.8279 182.137 70.7744
19 167.193 65.7199 182.137 70.7744
20 160.029 63.4012 182.137 70.7744
21 153.281 61.5083 182.137 70.7744
22 143.389 57.2989 182.137 70.7744
23 132.869 53.9266 182.137 70.7744
24 120.666 48.4434 182.137 70.7744
25 104.864 42.3362 182.137 70.7744
26 87.6054 37.6993 182.137 70.7744
27 69.9178 31.1748 182.137 70.7744
28 49.895 21.4862 182.137 70.7744
29 29.2657 11.587 182.137 70.7744
30 0 0 182.137 70.7744
31 0 0 182.137 70.7744
32 0 0 182.137 70.7744
33 0 0 182.137 70.7744
34 0 0 182.137 70.7744
35 0 0 182.137 70.7744
36 0 0 182.137 70.7744
37 0 0 182.137 70.7744
38 0 0 182.137 70.7744
39 0 0 182.137 70.7744
40 0 0 182.137 70.7744
41 0 0 182.137 70.7744
42 0 0 182.137 70.7744
43 0 0 182.137 70.7744
44 0 0 182.137 70.7744
45 0 0 182.137 70.7744
46 0 0 182.137 70.7744
47 0 0 182.137 70.7744
48 0 0 182.137 70.7744
49 0 0 182.137 70.7744
50 0 0 182.137 70.7744
51 0 0 182.137 70.7744
52 0 0 182.137 70.7744
53 0 0 182.137 70.7744
54 0 0 182.137 70.7744
55 0 0 182.137 70.7744
56 0 0 182.137 70.7744
57 0 0 182.137 70.7744
58 0 0 182.137 70.7744
59 0 0 182.137 70.7744
60 0 0 182.137 70.7744
61 0 0 182.137 70.7744
62 0 0 182.137 70.7744
63 0 0 182.137 70.7744
64 0 0 182.137 70.7744
65 0 0 182.137 70.7744
66 0 0 182.137 70.7744
67 0 0 182.137 70.7744
68 0 0 182.137 70.7744
69 0 0 182.137 70.7744
70 0 0 182.137 70.7744
71 0 0 182.137 70.7744
72 0 0 182.137 70.7744
73 0 0 182.137 70.7744
74 0 0 182.137 70.7744
75 0 0 182.137 70.7744
76 0 0 182.137 70.7744
77 0 0 182.137 70.7744
78 0 0 182.137 70.7744
79 0 0 182.137 70.7744
80 0 0 182.137 70.7744
81 0 0 182.137 70.7744
82 0 0 182.137 70.7744
83 0 0 182.137 70.7744
84 0 0 182.137 70.7744
85 0 0 182.137 70.7744
86 0 0 182.137 70.7744
87 0 0 182.137 70.7744
88 0 0 182.137 70.7744
89 0 0 182.137 70.7744
90 0 0 182.137 70.7744
91 0 0 182.137 70.7744
92 0 0 182.137 70.7744
93 0 0 182.137 70.7744
94 0 0 182.137 70.7744
95 0 0 182.137 70.7744
96 0 0 182.137 70.7744
97 0 0 182.137 70.7744
98 0 0 182.137 70.7744
99 0 0 182.137 70.7744
