0 3.63737 1.81869 3.63737 1.81869
1 3.63737 1.81869 3.63737 1.81869
2 3.63737 1.81869 3.63737 1.81869
3 3.63737 1.81869 3.63737 1.81869
4 3.63737 1.81869 3.63737 1.81869
5 3.63737 1.81869 3.63737 1.81869
6 3.63737 1.81869 3.63737 1.81869
7 3.63737 1.81869 3.63737 1.81869
8 3.63737 1.81869 3.63737 1.81869
9 3.63737 1.81869 3.63737 1.81869
10 3.63737 1.81869 3.63737 1.81869
11 3.63737 1.81869 3.63737 1.81869
12 3.63737 1.81869 3.63737 1.81869
13 3.63737 1.81869 3.63737 1.81869
14 3.63737 1.81869 3.63737 1.81869
15 3.63737 1.81869 3.63737 1.81869
16 3.63737 1.81869 3.63737 1.81869
17 3.11775 1.81869 3.63737 1.81869
18 3.11775 1.81869 3.63737 1.81869
19 3.11775 1.81869 3.63737 1.81869
20 2.85793 1.81869 3.63737 1.81869
21 2.85793 1.81869 3.63737 1.81869
22 2.59812 1.81869 3.63737 1.81869
23 2.33831 1.81869 3.63737 1.81869
24 2.0785 1.81869 3.63737 1.81869
25 2.0785 1.55887 3.63737 1.81869
26 1.55887 1.29906 3.63737 1.81869
27 1.29906 1.29906 3.63737 1.81869
28 0.519624 0.779437 3.63737 1.81869
29 0 0 3.63737 1.81869
30 0 0 3.63737 1.81869
31 0 0 3.63737 1.81869
32 0 0 3.63737 1.81869
33 0 0 3.63737 1.81869
34 0 0 3.63737 1.81869
35 0 0 3.63737 1.81869
36 0 0 3.63737 1.81869
37 0 0 3.63737 1.81869
38 0 0 3.63737 1.81869
39 0 0 3.63737 1.81869
40 0 0 3.63737 1.81869
41 0 0 3.63737 1.81869
42 0 0 3.63737 1.81869
43 0 0 3.63737 1.81869
44 0 0 3.63737 1.81869
45 0 0 3.63737 1.81869
46 0 0 3.63737 1.81869
47 0 0 3.63737 1.81869
48 0 0 3.63737 1.81869
49 0 0 3.63737 1.81869
50 0 0 3.63737 1.81869
51 0 0 3.63737 1.81869
52 0 0 3.63737 1.81869
53 0 0 3.63737 1.81869
54 0 0 3.63737 1.81869
55 0 0 3.63737 1.81869
56 0 0 3.63737 1.81869
57 0 0 3.63737 1.81869
58 0 0 3.63737 1.81869
59 0 0 3.63737 1.81869
60 0 0 3.63737 1.81869
61 0 0 3.63737 1.81869
62 0 0 3.63737 1.81869
63 0 0 3.63737 1.81869
64 0 0 3.63737 1.81869
65 0 0 3.63737 1.81869
66 0 0 3.63737 1.81869
67 0 0 3.63737 1.81869
68 0 0 3.63737 1.81869
69 0 0 3.63737 1.81869
70 0 0 3.63737 1.81869
71 0 0 3.63737 1.81869
72 0 0 3.63737 1.81869
73 0 0 3.63737 1.81869
74 0 0 3.63737 1.81869
75 0 0 3.63737 1.81869
76 0 0 3.63737 1.81869
77 0 0 3.63737 1.81869
78 0 0 3.63737 1.81869
79 0 0 3.63737 1.81869
80 0 0 3.63737 1.81869
81 0 0 3.63737 1.81869
82 0 0 3.63737 1.81869
83 0 0 3.63737 1.81869
84 0 0 3.63737 1.81869
85 0 0 3.63737 1.81869
86 0 0 3.63737 1.81869
87 0 0 3.63737 1.81869
88 0 0 3.63737 1.81869
89 0 0 3.63737 1.81869
90 0 0 3.63737 1.81869
91 0 0 3.63737 1.81869
92 0 0 3.63737 1.81869
93 0 0 3.63737 1.81869
94 0 0 3.63737 1.81869
95 0 0 3.63737 1.81869
96 0 0 3.63737 1.81869
97 0 0 3.63737 1.81869
98 0 0 3.63737 1.81869
99 0 0 3.63737 1.81869
