0 0 0  148.249 3.90129
1 0 0  148.249 3.90129
2 0 0  148.249 3.90129
3 0 0  148.249 3.90129
4 0 0  148.249 3.90129
5 0 0  148.249 3.90129
6 0 0  148.249 3.90129
7 0 0  148.249 3.90129
8 0 0  148.249 3.90129
9 0 0  148.249 3.90129
10 0 0  148.249 3.90129
11 0 0  148.249 3.90129
12 0 0  148.249 3.90129
13 1.95064 0  148.249 3.90129
14 1.95064 0  148.249 3.90129
15 9.75322 0  148.249 3.90129
16 15.6052 0  148.249 3.90129
17 23.4077 0  148.249 3.90129
18 29.2597 0  148.249 3.90129
19 37.0622 0  148.249 3.90129
20 50.7167 0  148.249 3.90129
21 54.618 0  148.249 3.90129
22 62.4206 0  148.249 3.90129
23 70.2232 0  148.249 3.90129
24 83.8777 1.95064  148.249 3.90129
25 95.5816 3.90129  148.249 3.90129
26 107.285 3.90129  148.249 3.90129
27 122.891 3.90129  148.249 3.90129
28 132.644 3.90129  148.249 3.90129
29 140.446 3.90129  148.249 3.90129
30 148.249 3.90129  148.249 3.90129
31 148.249 3.90129  148.249 3.90129
32 148.249 3.90129  148.249 3.90129
33 148.249 3.90129  148.249 3.90129
34 148.249 3.90129  148.249 3.90129
35 148.249 3.90129  148.249 3.90129
36 148.249 3.90129  148.249 3.90129
37 148.249 3.90129  148.249 3.90129
38 148.249 3.90129  148.249 3.90129
39 148.249 3.90129  148.249 3.90129
40 148.249 3.90129  148.249 3.90129
41 148.249 3.90129  148.249 3.90129
42 148.249 3.90129  148.249 3.90129
43 148.249 3.90129  148.249 3.90129
44 148.249 3.90129  148.249 3.90129
45 148.249 3.90129  148.249 3.90129
46 148.249 3.90129  148.249 3.90129
47 148.249 3.90129  148.249 3.90129
48 148.249 3.90129  148.249 3.90129
49 148.249 3.90129  148.249 3.90129
50 148.249 3.90129  148.249 3.90129
51 148.249 3.90129  148.249 3.90129
52 148.249 3.90129  148.249 3.90129
53 148.249 3.90129  148.249 3.90129
54 148.249 3.90129  148.249 3.90129
55 148.249 3.90129  148.249 3.90129
56 148.249 3.90129  148.249 3.90129
57 148.249 3.90129  148.249 3.90129
58 148.249 3.90129  148.249 3.90129
59 148.249 3.90129  148.249 3.90129
60 148.249 3.90129  148.249 3.90129
61 148.249 3.90129  148.249 3.90129
62 148.249 3.90129  148.249 3.90129
63 148.249 3.90129  148.249 3.90129
64 148.249 3.90129  148.249 3.90129
65 148.249 3.90129  148.249 3.90129
66 148.249 3.90129  148.249 3.90129
67 148.249 3.90129  148.249 3.90129
68 148.249 3.90129  148.249 3.90129
69 148.249 3.90129  148.249 3.90129
70 148.249 3.90129  148.249 3.90129
71 148.249 3.90129  148.249 3.90129
72 148.249 3.90129  148.249 3.90129
73 148.249 3.90129  148.249 3.90129
74 148.249 3.90129  148.249 3.90129
75 148.249 3.90129  148.249 3.90129
76 148.249 3.90129  148.249 3.90129
77 148.249 3.90129  148.249 3.90129
78 148.249 3.90129  148.249 3.90129
79 148.249 3.90129  148.249 3.90129
80 148.249 3.90129  148.249 3.90129
81 148.249 3.90129  148.249 3.90129
82 148.249 3.90129  148.249 3.90129
83 148.249 3.90129  148.249 3.90129
84 148.249 3.90129  148.249 3.90129
85 148.249 3.90129  148.249 3.90129
86 148.249 3.90129  148.249 3.90129
87 148.249 3.90129  148.249 3.90129
88 148.249 3.90129  148.249 3.90129
89 148.249 3.90129  148.249 3.90129
90 148.249 3.90129  148.249 3.90129
91 148.249 3.90129  148.249 3.90129
92 148.249 3.90129  148.249 3.90129
93 148.249 3.90129  148.249 3.90129
94 148.249 3.90129  148.249 3.90129
95 148.249 3.90129  148.249 3.90129
96 148.249 3.90129  148.249 3.90129
97 148.249 3.90129  148.249 3.90129
98 148.249 3.90129  148.249 3.90129
99 148.249 3.90129  148.249 3.90129
