0 148.249 3.90129 148.249 3.90129
1 148.249 3.90129 148.249 3.90129
2 148.249 3.90129 148.249 3.90129
3 148.249 3.90129 148.249 3.90129
4 148.249 3.90129 148.249 3.90129
5 148.249 3.90129 148.249 3.90129
6 148.249 3.90129 148.249 3.90129
7 148.249 3.90129 148.249 3.90129
8 148.249 3.90129 148.249 3.90129
9 148.249 3.90129 148.249 3.90129
10 148.249 3.90129 148.249 3.90129
11 148.249 3.90129 148.249 3.90129
12 148.249 3.90129 148.249 3.90129
13 146.298 3.90129 148.249 3.90129
14 146.298 3.90129 148.249 3.90129
15 138.496 3.90129 148.249 3.90129
16 132.644 3.90129 148.249 3.90129
17 124.841 3.90129 148.249 3.90129
18 118.989 3.90129 148.249 3.90129
19 111.187 3.90129 148.249 3.90129
20 97.5322 3.90129 148.249 3.90129
21 93.6309 3.90129 148.249 3.90129
22 85.8283 3.90129 148.249 3.90129
23 78.0258 3.90129 148.249 3.90129
24 64.3713 1.95064 148.249 3.90129
25 52.6674 0 148.249 3.90129
26 40.9635 0 148.249 3.90129
27 25.3584 0 148.249 3.90129
28 15.6052 0 148.249 3.90129
29 7.80258 0 148.249 3.90129
30 0 0 148.249 3.90129
31 0 0 148.249 3.90129
32 0 0 148.249 3.90129
33 0 0 148.249 3.90129
34 0 0 148.249 3.90129
35 0 0 148.249 3.90129
36 0 0 148.249 3.90129
37 0 0 148.249 3.90129
38 0 0 148.249 3.90129
39 0 0 148.249 3.90129
40 0 0 148.249 3.90129
41 0 0 148.249 3.90129
42 0 0 148.249 3.90129
43 0 0 148.249 3.90129
44 0 0 148.249 3.90129
45 0 0 148.249 3.90129
46 0 0 148.249 3.90129
47 0 0 148.249 3.90129
48 0 0 148.249 3.90129
49 0 0 148.249 3.90129
50 0 0 148.249 3.90129
51 0 0 148.249 3.90129
52 0 0 148.249 3.90129
53 0 0 148.249 3.90129
54 0 0 148.249 3.90129
55 0 0 148.249 3.90129
56 0 0 148.249 3.90129
57 0 0 148.249 3.90129
58 0 0 148.249 3.90129
59 0 0 148.249 3.90129
60 0 0 148.249 3.90129
61 0 0 148.249 3.90129
62 0 0 148.249 3.90129
63 0 0 148.249 3.90129
64 0 0 148.249 3.90129
65 0 0 148.249 3.90129
66 0 0 148.249 3.90129
67 0 0 148.249 3.90129
68 0 0 148.249 3.90129
69 0 0 148.249 3.90129
70 0 0 148.249 3.90129
71 0 0 148.249 3.90129
72 0 0 148.249 3.90129
73 0 0 148.249 3.90129
74 0 0 148.249 3.90129
75 0 0 148.249 3.90129
76 0 0 148.249 3.90129
77 0 0 148.249 3.90129
78 0 0 148.249 3.90129
79 0 0 148.249 3.90129
80 0 0 148.249 3.90129
81 0 0 148.249 3.90129
82 0 0 148.249 3.90129
83 0 0 148.249 3.90129
84 0 0 148.249 3.90129
85 0 0 148.249 3.90129
86 0 0 148.249 3.90129
87 0 0 148.249 3.90129
88 0 0 148.249 3.90129
89 0 0 148.249 3.90129
90 0 0 148.249 3.90129
91 0 0 148.249 3.90129
92 0 0 148.249 3.90129
93 0 0 148.249 3.90129
94 0 0 148.249 3.90129
95 0 0 148.249 3.90129
96 0 0 148.249 3.90129
97 0 0 148.249 3.90129
98 0 0 148.249 3.90129
99 0 0 148.249 3.90129
