0 0 0  124.488 1.32685
1 0 0  124.488 1.32685
2 0 0  124.488 1.32685
3 0 0  124.488 1.32685
4 0 0  124.488 1.32685
5 0 0  124.488 1.32685
6 0 0  124.488 1.32685
7 0 0  124.488 1.32685
8 0 0  124.488 1.32685
9 0 0  124.488 1.32685
10 0 0  124.488 1.32685
11 0.149172 0  124.488 1.32685
12 0.738009 0.00785116  124.488 1.32685
13 2.21403 0.00785116  124.488 1.32685
14 4.25533 0.0235535  124.488 1.32685
15 7.55281 0.0314046  124.488 1.32685
16 12.1614 0.0942139  124.488 1.32685
17 17.6023 0.109916  124.488 1.32685
18 23.577 0.149172  124.488 1.32685
19 30.3526 0.196279  124.488 1.32685
20 37.7327 0.251237  124.488 1.32685
21 45.6231 0.290493  124.488 1.32685
22 54.754 0.353302  124.488 1.32685
23 63.3196 0.486772  124.488 1.32685
24 71.8302 0.580986  124.488 1.32685
25 79.6264 0.683051  124.488 1.32685
26 88.0429 0.792967  124.488 1.32685
27 96.7969 0.87933  124.488 1.32685
28 105.716 1.00495  124.488 1.32685
29 114.988 1.14627  124.488 1.32685
30 124.488 1.32685  124.488 1.32685
31 124.488 1.32685  124.488 1.32685
32 124.488 1.32685  124.488 1.32685
33 124.488 1.32685  124.488 1.32685
34 124.488 1.32685  124.488 1.32685
35 124.488 1.32685  124.488 1.32685
36 124.488 1.32685  124.488 1.32685
37 124.488 1.32685  124.488 1.32685
38 124.488 1.32685  124.488 1.32685
39 124.488 1.32685  124.488 1.32685
40 124.488 1.32685  124.488 1.32685
41 124.488 1.32685  124.488 1.32685
42 124.488 1.32685  124.488 1.32685
43 124.488 1.32685  124.488 1.32685
44 124.488 1.32685  124.488 1.32685
45 124.488 1.32685  124.488 1.32685
46 124.488 1.32685  124.488 1.32685
47 124.488 1.32685  124.488 1.32685
48 124.488 1.32685  124.488 1.32685
49 124.488 1.32685  124.488 1.32685
50 124.488 1.32685  124.488 1.32685
51 124.488 1.32685  124.488 1.32685
52 124.488 1.32685  124.488 1.32685
53 124.488 1.32685  124.488 1.32685
54 124.488 1.32685  124.488 1.32685
55 124.488 1.32685  124.488 1.32685
56 124.488 1.32685  124.488 1.32685
57 124.488 1.32685  124.488 1.32685
58 124.488 1.32685  124.488 1.32685
59 124.488 1.32685  124.488 1.32685
60 124.488 1.32685  124.488 1.32685
61 124.488 1.32685  124.488 1.32685
62 124.488 1.32685  124.488 1.32685
63 124.488 1.32685  124.488 1.32685
64 124.488 1.32685  124.488 1.32685
65 124.488 1.32685  124.488 1.32685
66 124.488 1.32685  124.488 1.32685
67 124.488 1.32685  124.488 1.32685
68 124.488 1.32685  124.488 1.32685
69 124.488 1.32685  124.488 1.32685
70 124.488 1.32685  124.488 1.32685
71 124.488 1.32685  124.488 1.32685
72 124.488 1.32685  124.488 1.32685
73 124.488 1.32685  124.488 1.32685
74 124.488 1.32685  124.488 1.32685
75 124.488 1.32685  124.488 1.32685
76 124.488 1.32685  124.488 1.32685
77 124.488 1.32685  124.488 1.32685
78 124.488 1.32685  124.488 1.32685
79 124.488 1.32685  124.488 1.32685
80 124.488 1.32685  124.488 1.32685
81 124.488 1.32685  124.488 1.32685
82 124.488 1.32685  124.488 1.32685
83 124.488 1.32685  124.488 1.32685
84 124.488 1.32685  124.488 1.32685
85 124.488 1.32685  124.488 1.32685
86 124.488 1.32685  124.488 1.32685
87 124.488 1.32685  124.488 1.32685
88 124.488 1.32685  124.488 1.32685
89 124.488 1.32685  124.488 1.32685
90 124.488 1.32685  124.488 1.32685
91 124.488 1.32685  124.488 1.32685
92 124.488 1.32685  124.488 1.32685
93 124.488 1.32685  124.488 1.32685
94 124.488 1.32685  124.488 1.32685
95 124.488 1.32685  124.488 1.32685
96 124.488 1.32685  124.488 1.32685
97 124.488 1.32685  124.488 1.32685
98 124.488 1.32685  124.488 1.32685
99 124.488 1.32685  124.488 1.32685
