0 124.488 1.32685 124.488 1.32685
1 124.488 1.32685 124.488 1.32685
2 124.488 1.32685 124.488 1.32685
3 124.488 1.32685 124.488 1.32685
4 124.488 1.32685 124.488 1.32685
5 124.488 1.32685 124.488 1.32685
6 124.488 1.32685 124.488 1.32685
7 124.488 1.32685 124.488 1.32685
8 124.488 1.32685 124.488 1.32685
9 124.488 1.32685 124.488 1.32685
10 124.488 1.32685 124.488 1.32685
11 124.339 1.32685 124.488 1.32685
12 123.75 1.31899 124.488 1.32685
13 122.274 1.31899 124.488 1.32685
14 120.233 1.30329 124.488 1.32685
15 116.935 1.29544 124.488 1.32685
16 112.326 1.23263 124.488 1.32685
17 106.886 1.21693 124.488 1.32685
18 100.911 1.17767 124.488 1.32685
19 94.1354 1.13057 124.488 1.32685
20 86.7553 1.07561 124.488 1.32685
21 78.8649 1.03635 124.488 1.32685
22 69.734 0.973543 124.488 1.32685
23 61.1684 0.840074 124.488 1.32685
24 52.6577 0.74586 124.488 1.32685
25 44.8615 0.643795 124.488 1.32685
26 36.4451 0.533879 124.488 1.32685
27 27.691 0.447516 124.488 1.32685
28 18.7721 0.321897 124.488 1.32685
29 9.4999 0.180577 124.488 1.32685
30 0 0 124.488 1.32685
31 0 0 124.488 1.32685
32 0 0 124.488 1.32685
33 0 0 124.488 1.32685
34 0 0 124.488 1.32685
35 0 0 124.488 1.32685
36 0 0 124.488 1.32685
37 0 0 124.488 1.32685
38 0 0 124.488 1.32685
39 0 0 124.488 1.32685
40 0 0 124.488 1.32685
41 0 0 124.488 1.32685
42 0 0 124.488 1.32685
43 0 0 124.488 1.32685
44 0 0 124.488 1.32685
45 0 0 124.488 1.32685
46 0 0 124.488 1.32685
47 0 0 124.488 1.32685
48 0 0 124.488 1.32685
49 0 0 124.488 1.32685
50 0 0 124.488 1.32685
51 0 0 124.488 1.32685
52 0 0 124.488 1.32685
53 0 0 124.488 1.32685
54 0 0 124.488 1.32685
55 0 0 124.488 1.32685
56 0 0 124.488 1.32685
57 0 0 124.488 1.32685
58 0 0 124.488 1.32685
59 0 0 124.488 1.32685
60 0 0 124.488 1.32685
61 0 0 124.488 1.32685
62 0 0 124.488 1.32685
63 0 0 124.488 1.32685
64 0 0 124.488 1.32685
65 0 0 124.488 1.32685
66 0 0 124.488 1.32685
67 0 0 124.488 1.32685
68 0 0 124.488 1.32685
69 0 0 124.488 1.32685
70 0 0 124.488 1.32685
71 0 0 124.488 1.32685
72 0 0 124.488 1.32685
73 0 0 124.488 1.32685
74 0 0 124.488 1.32685
75 0 0 124.488 1.32685
76 0 0 124.488 1.32685
77 0 0 124.488 1.32685
78 0 0 124.488 1.32685
79 0 0 124.488 1.32685
80 0 0 124.488 1.32685
81 0 0 124.488 1.32685
82 0 0 124.488 1.32685
83 0 0 124.488 1.32685
84 0 0 124.488 1.32685
85 0 0 124.488 1.32685
86 0 0 124.488 1.32685
87 0 0 124.488 1.32685
88 0 0 124.488 1.32685
89 0 0 124.488 1.32685
90 0 0 124.488 1.32685
91 0 0 124.488 1.32685
92 0 0 124.488 1.32685
93 0 0 124.488 1.32685
94 0 0 124.488 1.32685
95 0 0 124.488 1.32685
96 0 0 124.488 1.32685
97 0 0 124.488 1.32685
98 0 0 124.488 1.32685
99 0 0 124.488 1.32685
