0 4443.04 7.76077 4443.04 7.76077
1 4443.04 7.76077 4443.04 7.76077
2 4443.04 7.76077 4443.04 7.76077
3 4443.04 7.76077 4443.04 7.76077
4 4443.04 7.76077 4443.04 7.76077
5 4443.04 7.76077 4443.04 7.76077
6 4443.04 7.76077 4443.04 7.76077
7 4443.04 7.76077 4443.04 7.76077
8 4443.04 7.76077 4443.04 7.76077
9 4443.04 7.76077 4443.04 7.76077
10 4443.04 7.76077 4443.04 7.76077
11 4443.04 7.76077 4443.04 7.76077
12 4443.04 7.76077 4443.04 7.76077
13 4443.04 7.76077 4443.04 7.76077
14 4443.04 7.76077 4443.04 7.76077
15 4443.04 7.76077 4443.04 7.76077
16 4443.04 7.76077 4443.04 7.76077
17 4443.04 7.76077 4443.04 7.76077
18 4443.04 7.76077 4443.04 7.76077
19 4443.04 7.76077 4443.04 7.76077
20 4443.04 7.76077 4443.04 7.76077
21 4443.04 7.76077 4443.04 7.76077
22 4443.04 7.76077 4443.04 7.76077
23 4443.04 7.76077 4443.04 7.76077
24 4443.04 7.76077 4443.04 7.76077
25 4443.04 7.76077 4443.04 7.76077
26 4443.04 7.76077 4443.04 7.76077
27 4443.04 7.76077 4443.04 7.76077
28 4443.04 7.76077 4443.04 7.76077
29 4443.04 7.76077 4443.04 7.76077
30 4443.04 7.76077 4443.04 7.76077
31 4369.31 7.76077 4443.04 7.76077
32 4276.18 7.76077 4443.04 7.76077
33 4194.7 7.76077 4443.04 7.76077
34 4066.64 7.76077 4443.04 7.76077
35 4000.68 7.76077 4443.04 7.76077
36 3903.67 7.76077 4443.04 7.76077
37 3841.58 7.76077 4443.04 7.76077
38 3744.57 7.76077 4443.04 7.76077
39 3643.68 7.76077 4443.04 7.76077
40 3538.91 7.76077 4443.04 7.76077
41 3395.34 7.76077 4443.04 7.76077
42 3240.12 7.76077 4443.04 7.76077
43 3135.35 7.76077 4443.04 7.76077
44 2984.02 7.76077 4443.04 7.76077
45 2852.08 7.76077 4443.04 7.76077
46 2712.39 7.76077 4443.04 7.76077
47 2514.49 7.76077 4443.04 7.76077
48 2425.24 7.76077 4443.04 7.76077
49 2266.14 11.6412 4443.04 7.76077
50 2068.24 11.6412 4443.04 7.76077
51 1909.15 11.6412 4443.04 7.76077
52 1765.57 11.6412 4443.04 7.76077
53 1695.73 7.76077 4443.04 7.76077
54 1540.51 7.76077 4443.04 7.76077
55 1412.46 7.76077 4443.04 7.76077
56 1327.09 7.76077 4443.04 7.76077
57 1218.44 11.6412 4443.04 7.76077
58 1109.79 7.76077 4443.04 7.76077
59 1082.63 11.6412 4443.04 7.76077
60 993.378 11.6412 4443.04 7.76077
61 919.651 3.88038 4443.04 7.76077
62 876.967 3.88038 4443.04 7.76077
63 795.479 0 4443.04 7.76077
64 748.914 0 4443.04 7.76077
65 713.991 0 4443.04 7.76077
66 636.383 0 4443.04 7.76077
67 605.34 0 4443.04 7.76077
68 582.058 0 4443.04 7.76077
69 551.015 0 4443.04 7.76077
70 504.45 0 4443.04 7.76077
71 488.928 0 4443.04 7.76077
72 450.125 0 4443.04 7.76077
73 438.483 0 4443.04 7.76077
74 450.125 0 4443.04 7.76077
75 407.44 0 4443.04 7.76077
76 376.397 0 4443.04 7.76077
77 380.278 0 4443.04 7.76077
78 356.995 0 4443.04 7.76077
79 325.952 0 4443.04 7.76077
80 322.072 0 4443.04 7.76077
81 306.55 0 4443.04 7.76077
82 287.148 0 4443.04 7.76077
83 263.866 0 4443.04 7.76077
84 252.225 0 4443.04 7.76077
85 213.421 0 4443.04 7.76077
86 205.66 0 4443.04 7.76077
87 205.66 -3.88038 4443.04 7.76077
88 197.9 -3.88038 4443.04 7.76077
89 182.378 -3.88038 4443.04 7.76077
90 159.096 -3.88038 4443.04 7.76077
91 147.455 -3.88038 4443.04 7.76077
92 143.574 -3.88038 4443.04 7.76077
93 131.933 -3.88038 4443.04 7.76077
94 128.053 -3.88038 4443.04 7.76077
95 128.053 -3.88038 4443.04 7.76077
96 120.292 -3.88038 4443.04 7.76077
97 120.292 -3.88038 4443.04 7.76077
98 124.172 -3.88038 4443.04 7.76077
99 120.292 -3.88038 4443.04 7.76077
