0 324.926 126.153 324.926 126.153
1 324.926 126.153 324.926 126.153
2 324.926 126.153 324.926 126.153
3 324.926 126.153 324.926 126.153
4 324.926 126.153 324.926 126.153
5 324.926 126.153 324.926 126.153
6 324.926 126.153 324.926 126.153
7 324.926 126.153 324.926 126.153
8 324.926 126.153 324.926 126.153
9 324.926 126.153 324.926 126.153
10 324.926 126.153 324.926 126.153
11 324.926 126.153 324.926 126.153
12 324.926 126.153 324.926 126.153
13 324.926 126.153 324.926 126.153
14 324.926 126.153 324.926 126.153
15 324.926 126.153 324.926 126.153
16 324.926 126.153 324.926 126.153
17 324.926 126.153 324.926 126.153
18 324.926 126.153 324.926 126.153
19 324.926 126.153 324.926 126.153
20 324.926 126.153 324.926 126.153
21 324.926 126.153 324.926 126.153
22 324.926 126.153 324.926 126.153
23 324.926 126.153 324.926 126.153
24 324.926 126.153 324.926 126.153
25 324.926 126.153 324.926 126.153
26 324.926 126.153 324.926 126.153
27 324.926 126.153 324.926 126.153
28 324.926 126.153 324.926 126.153
29 324.926 126.153 324.926 126.153
30 324.926 126.153 324.926 126.153
31 281.932 108.238 324.926 126.153
32 238.95 93.5031 324.926 126.153
33 202.304 80.6796 324.926 126.153
34 173.844 71.8281 324.926 126.153
35 149.823 62.5505 324.926 126.153
36 133.824 54.3326 324.926 126.153
37 117.378 49.2818 324.926 126.153
38 105.99 43.8027 324.926 126.153
39 95.028 39.1675 324.926 126.153
40 87.2222 34.32 324.926 126.153
41 77.7468 29.6778 324.926 126.153
42 70.1702 27.9922 324.926 126.153
43 64.0514 25.6769 324.926 126.153
44 60.8859 22.9421 324.926 126.153
45 56.8791 22.1001 324.926 126.153
46 51.3932 19.5716 324.926 126.153
47 47.8133 18.5181 324.926 126.153
48 45.2907 17.4688 324.926 126.153
49 40.8607 17.0486 324.926 126.153
50 37.6992 15.3635 324.926 126.153
51 34.7584 14.5203 324.926 126.153
52 33.0818 13.8932 324.926 126.153
53 31.828 13.2594 324.926 126.153
54 30.142 12.8373 324.926 126.153
55 28.0304 12.4151 324.926 126.153
56 27.6094 11.5737 324.926 126.153
57 26.5499 11.5737 324.926 126.153
58 25.2925 10.5185 324.926 126.153
59 24.2451 10.5185 324.926 126.153
60 22.9766 9.88594 324.926 126.153
61 22.3439 9.67667 324.926 126.153
62 21.7105 8.83508 324.926 126.153
63 21.0735 7.996 324.926 126.153
64 20.2236 7.996 324.926 126.153
65 18.9614 7.5722 324.926 126.153
66 18.7519 7.78271 324.926 126.153
67 18.3286 7.15483 324.926 126.153
68 17.4922 6.94414 324.926 126.153
69 16.8652 6.52112 324.926 126.153
70 16.2338 6.10079 324.926 126.153
71 15.6022 5.89312 324.926 126.153
72 15.3898 5.47455 324.926 126.153
73 15.1791 5.0506 324.926 126.153
74 14.5471 5.0506 324.926 126.153
75 13.7031 5.0506 324.926 126.153
76 12.4338 4.63099 324.926 126.153
77 12.2225 4.63099 324.926 126.153
78 11.8031 4.41982 324.926 126.153
79 11.381 3.9979 324.926 126.153
80 11.1709 3.9979 324.926 126.153
81 10.1154 3.9979 324.926 126.153
82 9.69802 3.78621 324.926 126.153
83 9.2785 3.78621 324.926 126.153
84 8.43235 3.78621 324.926 126.153
85 8.43235 3.78621 324.926 126.153
86 8.22247 3.78621 324.926 126.153
87 8.01344 3.36468 324.926 126.153
88 7.16811 3.36468 324.926 126.153
89 7.16811 3.36468 324.926 126.153
90 6.95908 2.94223 324.926 126.153
91 6.74849 2.94223 324.926 126.153
92 6.53695 2.94223 324.926 126.153
93 6.53695 2.73015 324.926 126.153
94 6.32512 2.30597 324.926 126.153
95 6.11563 2.30597 324.926 126.153
96 5.90519 2.30597 324.926 126.153
97 5.90519 2.30597 324.926 126.153
98 5.27443 2.09532 324.926 126.153
99 5.06235 2.09532 324.926 126.153
