0 0 0  324.926 126.153
1 0 0  324.926 126.153
2 0 0  324.926 126.153
3 0 0  324.926 126.153
4 0 0  324.926 126.153
5 0 0  324.926 126.153
6 0 0  324.926 126.153
7 0 0  324.926 126.153
8 0 0  324.926 126.153
9 0 0  324.926 126.153
10 0 0  324.926 126.153
11 0 0  324.926 126.153
12 0 0  324.926 126.153
13 0 0  324.926 126.153
14 0 0  324.926 126.153
15 0 0  324.926 126.153
16 0 0  324.926 126.153
17 0 0  324.926 126.153
18 0 0  324.926 126.153
19 0 0  324.926 126.153
20 0 0  324.926 126.153
21 0 0  324.926 126.153
22 0 0  324.926 126.153
23 0 0  324.926 126.153
24 0 0  324.926 126.153
25 0 0  324.926 126.153
26 0 0  324.926 126.153
27 0 0  324.926 126.153
28 0 0  324.926 126.153
29 0 0  324.926 126.153
30 0 0  324.926 126.153
31 42.9948 17.9144  324.926 126.153
32 85.9762 32.6496  324.926 126.153
33 122.622 45.4731  324.926 126.153
34 151.083 54.3246  324.926 126.153
35 175.103 63.6023  324.926 126.153
36 191.102 71.8201  324.926 126.153
37 207.548 76.8709  324.926 126.153
38 218.936 82.35  324.926 126.153
39 229.898 86.9853  324.926 126.153
40 237.704 91.8328  324.926 126.153
41 247.18 96.4749  324.926 126.153
42 254.756 98.1605  324.926 126.153
43 260.875 100.476  324.926 126.153
44 264.04 103.211  324.926 126.153
45 268.047 104.053  324.926 126.153
46 273.533 106.581  324.926 126.153
47 277.113 107.635  324.926 126.153
48 279.636 108.684  324.926 126.153
49 284.066 109.104  324.926 126.153
50 287.227 110.789  324.926 126.153
51 290.168 111.632  324.926 126.153
52 291.845 112.259  324.926 126.153
53 293.098 112.893  324.926 126.153
54 294.784 113.315  324.926 126.153
55 296.896 113.738  324.926 126.153
56 297.317 114.579  324.926 126.153
57 298.377 114.579  324.926 126.153
58 299.634 115.634  324.926 126.153
59 300.681 115.634  324.926 126.153
60 301.95 116.267  324.926 126.153
61 302.583 116.476  324.926 126.153
62 303.216 117.318  324.926 126.153
63 303.853 118.157  324.926 126.153
64 304.703 118.157  324.926 126.153
65 305.965 118.581  324.926 126.153
66 306.174 118.37  324.926 126.153
67 306.598 118.998  324.926 126.153
68 307.434 119.209  324.926 126.153
69 308.061 119.632  324.926 126.153
70 308.693 120.052  324.926 126.153
71 309.324 120.26  324.926 126.153
72 309.537 120.678  324.926 126.153
73 309.747 121.102  324.926 126.153
74 310.379 121.102  324.926 126.153
75 311.223 121.102  324.926 126.153
76 312.493 121.522  324.926 126.153
77 312.704 121.522  324.926 126.153
78 313.123 121.733  324.926 126.153
79 313.545 122.155  324.926 126.153
80 313.755 122.155  324.926 126.153
81 314.811 122.155  324.926 126.153
82 315.228 122.367  324.926 126.153
83 315.648 122.367  324.926 126.153
84 316.494 122.367  324.926 126.153
85 316.494 122.367  324.926 126.153
86 316.704 122.367  324.926 126.153
87 316.913 122.788  324.926 126.153
88 317.758 122.788  324.926 126.153
89 317.758 122.788  324.926 126.153
90 317.967 123.211  324.926 126.153
91 318.178 123.211  324.926 126.153
92 318.389 123.211  324.926 126.153
93 318.389 123.423  324.926 126.153
94 318.601 123.847  324.926 126.153
95 318.811 123.847  324.926 126.153
96 319.021 123.847  324.926 126.153
97 319.021 123.847  324.926 126.153
98 319.652 124.057  324.926 126.153
99 319.864 124.057  324.926 126.153
