0 619.645 224.737 619.645 224.737
1 619.645 224.737 619.645 224.737
2 619.645 224.737 619.645 224.737
3 619.645 224.737 619.645 224.737
4 619.645 224.737 619.645 224.737
5 619.645 224.737 619.645 224.737
6 619.645 224.737 619.645 224.737
7 619.645 224.737 619.645 224.737
8 619.645 224.737 619.645 224.737
9 619.645 224.737 619.645 224.737
10 619.645 224.737 619.645 224.737
11 619.645 224.737 619.645 224.737
12 619.645 224.737 619.645 224.737
13 619.645 224.737 619.645 224.737
14 619.645 224.737 619.645 224.737
15 619.645 224.737 619.645 224.737
16 619.645 224.737 619.645 224.737
17 619.645 224.737 619.645 224.737
18 619.645 224.737 619.645 224.737
19 619.645 224.737 619.645 224.737
20 619.645 224.737 619.645 224.737
21 619.645 224.737 619.645 224.737
22 619.645 224.737 619.645 224.737
23 619.645 224.737 619.645 224.737
24 619.645 224.737 619.645 224.737
25 619.645 224.737 619.645 224.737
26 619.645 224.737 619.645 224.737
27 619.645 224.737 619.645 224.737
28 619.645 224.737 619.645 224.737
29 619.645 224.737 619.645 224.737
30 619.645 224.737 619.645 224.737
31 585.519 214.84 619.645 224.737
32 549.485 201.784 619.645 224.737
33 516.822 182.828 619.645 224.737
34 467.325 166.634 619.645 224.737
35 424.144 151.058 619.645 224.737
36 370.853 133.375 619.645 224.737
37 325.174 116.519 619.645 224.737
38 271.449 100.091 619.645 224.737
39 225.564 83.4312 619.645 224.737
40 190.573 69.5343 619.645 224.737
41 155.191 57.9494 619.645 224.737
42 132.038 47.838 619.645 224.737
43 109.516 42.3592 619.645 224.737
44 92.8793 36.8785 619.645 224.737
45 82.3461 32.8703 619.645 224.737
46 72.6607 29.5033 619.645 224.737
47 63.1909 25.9217 619.645 224.737
48 55.8103 23.3986 619.645 224.737
49 50.9728 19.8092 619.645 224.737
50 46.5519 17.0723 619.645 224.737
51 41.2776 14.9665 619.645 224.737
52 37.9091 13.9181 619.645 224.737
53 34.7545 13.2832 619.645 224.737
54 32.4349 11.176 619.645 224.737
55 29.9032 10.542 619.645 224.737
56 27.5945 9.69797 619.645 224.737
57 25.2774 8.85171 619.645 224.737
58 23.8017 8.64171 619.645 224.737
59 22.3245 8.01142 619.645 224.737
60 20.8472 7.58888 619.645 224.737
61 19.1584 6.95727 619.645 224.737
62 17.4742 6.53454 619.645 224.737
63 14.5248 6.32194 619.645 224.737
64 14.313 5.89924 619.645 224.737
65 13.2624 5.26733 619.645 224.737
66 13.0526 5.26733 619.645 224.737
67 12.4179 4.84443 619.645 224.737
68 11.9974 4.4255 619.645 224.737
69 10.9448 4.4255 619.645 224.737
70 10.5226 4.2137 619.645 224.737
71 10.5226 4.00248 619.645 224.737
72 10.3111 3.37133 619.645 224.737
73 10.1008 3.16138 619.645 224.737
74 9.6809 3.16138 619.645 224.737
75 9.46985 3.16138 619.645 224.737
76 8.84124 2.95093 619.645 224.737
77 8.42011 2.95093 619.645 224.737
78 8.20978 2.95093 619.645 224.737
79 7.58035 2.74264 619.645 224.737
80 7.36972 2.31944 619.645 224.737
81 6.52671 2.31944 619.645 224.737
82 6.31788 2.31944 619.645 224.737
83 5.89832 2.10774 619.645 224.737
84 5.68853 2.10774 619.645 224.737
85 5.68853 2.10774 619.645 224.737
86 5.68853 2.10774 619.645 224.737
87 5.68853 2.10774 619.645 224.737
88 5.2675 1.89734 619.645 224.737
89 5.2675 1.68444 619.645 224.737
90 5.2675 1.68444 619.645 224.737
91 5.0564 1.68444 619.645 224.737
92 4.6371 1.68444 619.645 224.737
93 4.21488 1.68444 619.645 224.737
94 4.00386 1.68444 619.645 224.737
95 4.00386 1.68444 619.645 224.737
96 3.79094 1.47322 619.645 224.737
97 3.36985 1.05493 619.645 224.737
98 3.15785 1.05493 619.645 224.737
99 2.94642 1.05493 619.645 224.737
