0 612.965 215.09 612.965 215.09
1 612.965 215.09 612.965 215.09
2 612.965 215.09 612.965 215.09
3 612.965 215.09 612.965 215.09
4 612.965 215.09 612.965 215.09
5 612.965 215.09 612.965 215.09
6 612.965 215.09 612.965 215.09
7 612.965 215.09 612.965 215.09
8 612.965 215.09 612.965 215.09
9 612.965 215.09 612.965 215.09
10 612.965 215.09 612.965 215.09
11 612.965 215.09 612.965 215.09
12 612.965 215.09 612.965 215.09
13 612.965 215.09 612.965 215.09
14 612.965 215.09 612.965 215.09
15 612.965 215.09 612.965 215.09
16 612.965 215.09 612.965 215.09
17 612.965 215.09 612.965 215.09
18 612.965 215.09 612.965 215.09
19 612.965 215.09 612.965 215.09
20 612.965 215.09 612.965 215.09
21 612.965 215.09 612.965 215.09
22 612.965 215.09 612.965 215.09
23 612.965 215.09 612.965 215.09
24 612.965 215.09 612.965 215.09
25 612.965 215.09 612.965 215.09
26 612.965 215.09 612.965 215.09
27 612.965 215.09 612.965 215.09
28 612.965 215.09 612.965 215.09
29 612.965 215.09 612.965 215.09
30 612.965 215.09 612.965 215.09
31 580.259 202.285 612.965 215.09
32 547.162 190.11 612.965 215.09
33 507.211 177.725 612.965 215.09
34 472.181 165.542 612.965 215.09
35 428.8 149.512 612.965 215.09
36 387.605 137.539 612.965 215.09
37 339.949 121.526 612.965 215.09
38 295.127 105.26 612.965 215.09
39 250.487 84.118 612.965 215.09
40 207.777 71.7536 612.965 215.09
41 173.434 57.8766 612.965 215.09
42 143.943 48.051 612.965 215.09
43 122.804 41.8553 612.965 215.09
44 102.083 34.8234 612.965 215.09
45 83.086 30.3355 612.965 215.09
46 72.6343 26.4934 612.965 215.09
47 61.5135 22.6522 612.965 215.09
48 55.7434 20.5245 612.965 215.09
49 49.3359 17.5309 612.965 215.09
50 45.9101 14.7595 612.965 215.09
51 40.9949 13.4763 612.965 215.09
52 36.5073 12.8362 612.965 215.09
53 33.0992 10.2747 612.965 215.09
54 30.7518 8.77752 612.965 215.09
55 26.9042 8.13618 612.965 215.09
56 24.7692 6.85107 612.965 215.09
57 22.6299 5.99656 612.965 215.09
58 21.555 5.57261 612.965 215.09
59 20.7051 5.35937 612.965 215.09
60 19.8504 5.14047 612.965 215.09
61 18.784 4.9234 612.965 215.09
62 16.6453 4.06737 612.965 215.09
63 14.5088 3.63866 612.965 215.09
64 13.0074 3.63866 612.965 215.09
65 11.9399 3.63866 612.965 215.09
66 11.3034 3.42504 612.965 215.09
67 10.4466 3.42504 612.965 215.09
68 10.233 2.78387 612.965 215.09
69 9.80611 2.57134 612.965 215.09
70 8.95214 2.14279 612.965 215.09
71 8.09572 2.14279 612.965 215.09
72 7.67007 1.93009 612.965 215.09
73 7.24369 1.93009 612.965 215.09
74 7.02988 2.14218 612.965 215.09
75 6.81708 2.14218 612.965 215.09
76 6.17911 2.14218 612.965 215.09
77 5.54082 1.71036 612.965 215.09
78 5.32752 1.71036 612.965 215.09
79 4.68915 1.71036 612.965 215.09
80 4.68915 1.71036 612.965 215.09
81 4.47658 1.49666 612.965 215.09
82 4.05043 1.49666 612.965 215.09
83 4.05043 1.28383 612.965 215.09
84 3.83731 1.28383 612.965 215.09
85 3.62671 1.28383 612.965 215.09
86 3.41379 1.06915 612.965 215.09
87 3.41379 0.643949 612.965 215.09
88 3.62742 0.643949 612.965 215.09
89 3.41459 0.856679 612.965 215.09
90 3.20275 0.856679 612.965 215.09
91 3.20275 0.856679 612.965 215.09
92 3.20275 0.856679 612.965 215.09
93 2.9897 0.856679 612.965 215.09
94 2.77658 0.856679 612.965 215.09
95 2.77658 0.856679 612.965 215.09
96 2.77658 0.856679 612.965 215.09
97 2.56265 0.856679 612.965 215.09
98 2.13633 0.856679 612.965 215.09
99 2.13633 0.856679 612.965 215.09
