0 605.563 220.562 605.563 220.562
1 605.563 220.562 605.563 220.562
2 605.563 220.562 605.563 220.562
3 605.563 220.562 605.563 220.562
4 605.563 220.562 605.563 220.562
5 605.563 220.562 605.563 220.562
6 605.563 220.562 605.563 220.562
7 605.563 220.562 605.563 220.562
8 605.563 220.562 605.563 220.562
9 605.563 220.562 605.563 220.562
10 605.563 220.562 605.563 220.562
11 605.563 220.562 605.563 220.562
12 605.563 220.562 605.563 220.562
13 605.563 220.562 605.563 220.562
14 605.563 220.562 605.563 220.562
15 605.563 220.562 605.563 220.562
16 605.563 220.562 605.563 220.562
17 605.563 220.562 605.563 220.562
18 605.563 220.562 605.563 220.562
19 605.563 220.562 605.563 220.562
20 605.563 220.562 605.563 220.562
21 605.563 220.562 605.563 220.562
22 605.563 220.562 605.563 220.562
23 605.563 220.562 605.563 220.562
24 605.563 220.562 605.563 220.562
25 605.563 220.562 605.563 220.562
26 605.563 220.562 605.563 220.562
27 605.563 220.562 605.563 220.562
28 605.563 220.562 605.563 220.562
29 605.563 220.562 605.563 220.562
30 605.563 220.562 605.563 220.562
31 567.319 205.85 605.563 220.562
32 531.61 191.981 605.563 220.562
33 491.04 175.58 605.563 220.562
34 442.327 157.946 605.563 220.562
35 393.621 136.95 605.563 220.562
36 348.065 119.939 605.563 220.562
37 302.282 103.565 605.563 220.562
38 255.413 86.5394 605.563 220.562
39 208.788 71.631 605.563 220.562
40 172.053 58.1756 605.563 220.562
41 145.172 49.3522 605.563 220.562
42 123.309 41.9986 605.563 220.562
43 107.762 36.3304 605.563 220.562
44 96.6318 30.2358 605.563 220.562
45 85.0828 26.4625 605.563 220.562
46 73.5135 24.7839 605.563 220.562
47 63.6339 22.0549 605.563 220.562
48 56.7067 22.264 605.563 220.562
49 51.8726 20.7892 605.563 220.562
50 48.0956 18.0601 605.563 220.562
51 43.0492 16.5889 605.563 220.562
52 39.689 15.7496 605.563 220.562
53 36.1217 15.3281 605.563 220.562
54 33.603 14.6992 605.563 220.562
55 31.5089 14.49 605.563 220.562
56 28.5692 13.6486 605.563 220.562
57 25.8317 13.6486 605.563 220.562
58 24.1519 12.811 605.563 220.562
59 23.3131 11.9727 605.563 220.562
60 21.6317 11.973 605.563 220.562
61 20.5886 11.5541 605.563 220.562
62 19.7438 11.3446 605.563 220.562
63 19.1132 10.0873 605.563 220.562
64 18.2743 9.03371 605.563 220.562
65 17.2248 7.9841 605.563 220.562
66 16.5957 7.7725 605.563 220.562
67 15.3369 7.14352 605.563 220.562
68 14.4938 6.72402 605.563 220.562
69 13.4442 6.30545 605.563 220.562
70 12.8153 5.88463 605.563 220.562
71 12.3961 5.67517 605.563 220.562
72 11.5535 5.46507 605.563 220.562
73 10.9234 5.46507 605.563 220.562
74 10.7117 5.04414 605.563 220.562
75 10.0806 5.04414 605.563 220.562
76 9.45176 4.62267 605.563 220.562
77 9.24134 4.41157 605.563 220.562
78 8.82133 4.41157 605.563 220.562
79 8.18852 4.41157 605.563 220.562
80 7.97871 3.99207 605.563 220.562
81 7.76984 3.99207 605.563 220.562
82 7.55973 3.57163 605.563 220.562
83 7.55973 3.57163 605.563 220.562
84 7.35086 3.57163 605.563 220.562
85 6.71988 3.57163 605.563 220.562
86 6.51098 3.57163 605.563 220.562
87 6.30099 3.15033 605.563 220.562
88 6.30099 3.15033 605.563 220.562
89 5.8818 3.15033 605.563 220.562
90 5.8818 2.93796 605.563 220.562
91 5.67215 2.72744 605.563 220.562
92 5.25101 2.72744 605.563 220.562
93 5.25101 2.72744 605.563 220.562
94 5.25101 2.51614 605.563 220.562
95 5.04049 2.51341 605.563 220.562
96 4.83064 2.51341 605.563 220.562
97 4.83064 2.51341 605.563 220.562
98 4.61925 2.51341 605.563 220.562
99 4.61925 2.51341 605.563 220.562
