0 0 0  605.563 220.562
1 0 0  605.563 220.562
2 0 0  605.563 220.562
3 0 0  605.563 220.562
4 0 0  605.563 220.562
5 0 0  605.563 220.562
6 0 0  605.563 220.562
7 0 0  605.563 220.562
8 0 0  605.563 220.562
9 0 0  605.563 220.562
10 0 0  605.563 220.562
11 0 0  605.563 220.562
12 0 0  605.563 220.562
13 0 0  605.563 220.562
14 0 0  605.563 220.562
15 0 0  605.563 220.562
16 0 0  605.563 220.562
17 0 0  605.563 220.562
18 0 0  605.563 220.562
19 0 0  605.563 220.562
20 0 0  605.563 220.562
21 0 0  605.563 220.562
22 0 0  605.563 220.562
23 0 0  605.563 220.562
24 0 0  605.563 220.562
25 0 0  605.563 220.562
26 0 0  605.563 220.562
27 0 0  605.563 220.562
28 0 0  605.563 220.562
29 0 0  605.563 220.562
30 0 0  605.563 220.562
31 38.2444 14.7125  605.563 220.562
32 73.9525 28.5817  605.563 220.562
33 114.523 44.9827  605.563 220.562
34 163.236 62.6161  605.563 220.562
35 211.942 83.6121  605.563 220.562
36 257.498 100.624  605.563 220.562
37 303.281 116.997  605.563 220.562
38 350.15 134.023  605.563 220.562
39 396.774 148.931  605.563 220.562
40 433.51 162.387  605.563 220.562
41 460.391 171.21  605.563 220.562
42 482.254 178.564  605.563 220.562
43 497.801 184.232  605.563 220.562
44 508.931 190.327  605.563 220.562
45 520.48 194.1  605.563 220.562
46 532.049 195.778  605.563 220.562
47 541.929 198.507  605.563 220.562
48 548.856 198.298  605.563 220.562
49 553.69 199.773  605.563 220.562
50 557.467 202.502  605.563 220.562
51 562.514 203.973  605.563 220.562
52 565.874 204.813  605.563 220.562
53 569.441 205.234  605.563 220.562
54 571.96 205.863  605.563 220.562
55 574.054 206.072  605.563 220.562
56 576.994 206.914  605.563 220.562
57 579.731 206.914  605.563 220.562
58 581.411 207.751  605.563 220.562
59 582.25 208.59  605.563 220.562
60 583.931 208.589  605.563 220.562
61 584.974 209.008  605.563 220.562
62 585.819 209.218  605.563 220.562
63 586.45 210.475  605.563 220.562
64 587.289 211.529  605.563 220.562
65 588.338 212.578  605.563 220.562
66 588.967 212.79  605.563 220.562
67 590.226 213.419  605.563 220.562
68 591.069 213.838  605.563 220.562
69 592.119 214.257  605.563 220.562
70 592.748 214.678  605.563 220.562
71 593.167 214.887  605.563 220.562
72 594.009 215.097  605.563 220.562
73 594.64 215.097  605.563 220.562
74 594.851 215.518  605.563 220.562
75 595.482 215.518  605.563 220.562
76 596.111 215.94  605.563 220.562
77 596.322 216.151  605.563 220.562
78 596.742 216.151  605.563 220.562
79 597.374 216.151  605.563 220.562
80 597.584 216.57  605.563 220.562
81 597.793 216.57  605.563 220.562
82 598.003 216.991  605.563 220.562
83 598.003 216.991  605.563 220.562
84 598.212 216.991  605.563 220.562
85 598.843 216.991  605.563 220.562
86 599.052 216.991  605.563 220.562
87 599.262 217.412  605.563 220.562
88 599.262 217.412  605.563 220.562
89 599.681 217.412  605.563 220.562
90 599.681 217.624  605.563 220.562
91 599.891 217.835  605.563 220.562
92 600.312 217.835  605.563 220.562
93 600.312 217.835  605.563 220.562
94 600.312 218.046  605.563 220.562
95 600.522 218.049  605.563 220.562
96 600.732 218.049  605.563 220.562
97 600.732 218.049  605.563 220.562
98 600.944 218.049  605.563 220.562
99 600.944 218.049  605.563 220.562
