0 307.382 130.163 307.382 130.163
1 307.382 130.163 307.382 130.163
2 307.382 130.163 307.382 130.163
3 307.382 130.163 307.382 130.163
4 307.382 130.163 307.382 130.163
5 307.382 130.163 307.382 130.163
6 307.382 130.163 307.382 130.163
7 307.382 130.163 307.382 130.163
8 307.382 130.163 307.382 130.163
9 307.382 130.163 307.382 130.163
10 307.382 130.163 307.382 130.163
11 307.382 130.163 307.382 130.163
12 307.382 130.163 307.382 130.163
13 307.382 130.163 307.382 130.163
14 307.382 130.163 307.382 130.163
15 307.382 130.163 307.382 130.163
16 307.382 130.163 307.382 130.163
17 307.382 130.163 307.382 130.163
18 307.382 130.163 307.382 130.163
19 307.382 130.163 307.382 130.163
20 307.382 130.163 307.382 130.163
21 307.382 130.163 307.382 130.163
22 307.382 130.163 307.382 130.163
23 307.382 130.163 307.382 130.163
24 307.382 130.163 307.382 130.163
25 307.382 130.163 307.382 130.163
26 307.382 130.163 307.382 130.163
27 307.382 130.163 307.382 130.163
28 307.382 130.163 307.382 130.163
29 307.382 130.163 307.382 130.163
30 307.382 130.163 307.382 130.163
31 265.754 110.839 307.382 130.163
32 224.421 94.4786 307.382 130.163
33 195.007 80.5056 307.382 130.163
34 167.349 71.0074 307.382 130.163
35 147.746 59.1286 307.382 130.163
36 126.94 51.6888 307.382 130.163
37 110.888 47.5262 307.382 130.163
38 97.8246 42.4727 307.382 130.163
39 88.9232 38.022 307.382 130.163
40 83.8752 33.5626 307.382 130.163
41 76.7379 29.098 307.382 130.163
42 67.233 26.4295 307.382 130.163
43 60.3894 23.162 307.382 130.163
44 55.0282 22.2728 307.382 130.163
45 52.0496 19.3034 307.382 130.163
46 48.4815 17.515 307.382 130.163
47 45.5021 16.3257 307.382 130.163
48 44.0158 14.2494 307.382 130.163
49 40.4414 13.6549 307.382 130.163
50 37.7619 12.7628 307.382 130.163
51 36.8722 12.1672 307.382 130.163
52 35.3858 12.1683 307.382 130.163
53 33.6095 10.9868 307.382 130.163
54 32.417 10.3929 307.382 130.163
55 30.931 9.20796 307.382 130.163
56 29.1447 8.31791 307.382 130.163
57 27.3608 8.01945 307.382 130.163
58 26.1733 8.01945 307.382 130.163
59 25.2847 7.12784 307.382 130.163
60 23.1988 6.53063 307.382 130.163
61 22.608 6.53063 307.382 130.163
62 21.1154 5.64195 307.382 130.163
63 19.3313 5.34205 307.382 130.163
64 19.0363 5.34205 307.382 130.163
65 17.8457 5.04471 307.382 130.163
66 16.9508 5.34421 307.382 130.163
67 16.0556 5.05086 307.382 130.163
68 15.1615 4.75439 307.382 130.163
69 14.5641 3.56453 307.382 130.163
70 14.2669 3.26713 307.382 130.163
71 14.267 3.26713 307.382 130.163
72 13.3755 2.96791 307.382 130.163
73 13.3755 2.96791 307.382 130.163
74 13.0758 2.37067 307.382 130.163
75 12.4805 2.37067 307.382 130.163
76 12.1836 2.07732 307.382 130.163
77 11.8893 2.07732 307.382 130.163
78 11.5899 2.07732 307.382 130.163
79 11.5899 1.77836 307.382 130.163
80 11.2922 1.77836 307.382 130.163
81 10.7008 1.77836 307.382 130.163
82 10.7008 1.77836 307.382 130.163
83 10.7008 1.77836 307.382 130.163
84 10.4011 1.77836 307.382 130.163
85 9.51349 1.48152 307.382 130.163
86 8.91708 1.48152 307.382 130.163
87 8.61788 1.48152 307.382 130.163
88 8.61788 1.48152 307.382 130.163
89 8.02441 1.48152 307.382 130.163
90 8.02441 1.18427 307.382 130.163
91 7.72942 0.887585 307.382 130.163
92 7.72942 0.887585 307.382 130.163
93 7.43292 0.887585 307.382 130.163
94 7.43292 0.59125 307.382 130.163
95 7.43292 0.59125 307.382 130.163
96 7.1361 0.59125 307.382 130.163
97 6.83942 0.59125 307.382 130.163
98 6.83942 0.59125 307.382 130.163
99 6.54062 0.59125 307.382 130.163
