0 0 0  612.965 215.09
1 0 0  612.965 215.09
2 0 0  612.965 215.09
3 0 0  612.965 215.09
4 0 0  612.965 215.09
5 0 0  612.965 215.09
6 0 0  612.965 215.09
7 0 0  612.965 215.09
8 0 0  612.965 215.09
9 0 0  612.965 215.09
10 0 0  612.965 215.09
11 0 0  612.965 215.09
12 0 0  612.965 215.09
13 0 0  612.965 215.09
14 0 0  612.965 215.09
15 0 0  612.965 215.09
16 0 0  612.965 215.09
17 0 0  612.965 215.09
18 0 0  612.965 215.09
19 0 0  612.965 215.09
20 0 0  612.965 215.09
21 0 0  612.965 215.09
22 0 0  612.965 215.09
23 0 0  612.965 215.09
24 0 0  612.965 215.09
25 0 0  612.965 215.09
26 0 0  612.965 215.09
27 0 0  612.965 215.09
28 0 0  612.965 215.09
29 0 0  612.965 215.09
30 0 0  612.965 215.09
31 32.7061 12.8045  612.965 215.09
32 65.8024 24.9793  612.965 215.09
33 105.754 37.3648  612.965 215.09
34 140.784 49.5481  612.965 215.09
35 184.165 65.5775  612.965 215.09
36 225.36 77.5505  612.965 215.09
37 273.016 93.5635  612.965 215.09
38 317.838 109.829  612.965 215.09
39 362.478 130.972  612.965 215.09
40 405.188 143.336  612.965 215.09
41 439.531 157.213  612.965 215.09
42 469.022 167.039  612.965 215.09
43 490.16 173.234  612.965 215.09
44 510.882 180.266  612.965 215.09
45 529.879 184.754  612.965 215.09
46 540.331 188.596  612.965 215.09
47 551.451 192.438  612.965 215.09
48 557.222 194.565  612.965 215.09
49 563.629 197.559  612.965 215.09
50 567.055 200.33  612.965 215.09
51 571.97 201.613  612.965 215.09
52 576.458 202.253  612.965 215.09
53 579.866 204.815  612.965 215.09
54 582.213 206.312  612.965 215.09
55 586.061 206.954  612.965 215.09
56 588.196 208.239  612.965 215.09
57 590.335 209.093  612.965 215.09
58 591.41 209.517  612.965 215.09
59 592.26 209.73  612.965 215.09
60 593.115 209.949  612.965 215.09
61 594.181 210.166  612.965 215.09
62 596.32 211.022  612.965 215.09
63 598.456 211.451  612.965 215.09
64 599.958 211.451  612.965 215.09
65 601.025 211.451  612.965 215.09
66 601.662 211.665  612.965 215.09
67 602.518 211.665  612.965 215.09
68 602.732 212.306  612.965 215.09
69 603.159 212.518  612.965 215.09
70 604.013 212.947  612.965 215.09
71 604.869 212.947  612.965 215.09
72 605.295 213.16  612.965 215.09
73 605.721 213.16  612.965 215.09
74 605.935 212.948  612.965 215.09
75 606.148 212.948  612.965 215.09
76 606.786 212.948  612.965 215.09
77 607.424 213.379  612.965 215.09
78 607.637 213.379  612.965 215.09
79 608.276 213.379  612.965 215.09
80 608.276 213.379  612.965 215.09
81 608.488 213.593  612.965 215.09
82 608.914 213.593  612.965 215.09
83 608.914 213.806  612.965 215.09
84 609.128 213.806  612.965 215.09
85 609.338 213.806  612.965 215.09
86 609.551 214.021  612.965 215.09
87 609.551 214.446  612.965 215.09
88 609.338 214.446  612.965 215.09
89 609.55 214.233  612.965 215.09
90 609.762 214.233  612.965 215.09
91 609.762 214.233  612.965 215.09
92 609.762 214.233  612.965 215.09
93 609.975 214.233  612.965 215.09
94 610.188 214.233  612.965 215.09
95 610.188 214.233  612.965 215.09
96 610.188 214.233  612.965 215.09
97 610.402 214.233  612.965 215.09
98 610.829 214.233  612.965 215.09
99 610.829 214.233  612.965 215.09
