0 438.378 181.392 438.378 181.392
1 438.378 181.392 438.378 181.392
2 438.378 181.392 438.378 181.392
3 438.378 181.392 438.378 181.392
4 438.378 181.392 438.378 181.392
5 438.378 181.392 438.378 181.392
6 438.378 181.392 438.378 181.392
7 438.378 181.392 438.378 181.392
8 438.378 181.392 438.378 181.392
9 438.378 181.392 438.378 181.392
10 438.378 181.392 438.378 181.392
11 438.378 181.392 438.378 181.392
12 438.378 181.392 438.378 181.392
13 438.378 181.392 438.378 181.392
14 438.378 181.392 438.378 181.392
15 438.378 181.392 438.378 181.392
16 438.378 181.392 438.378 181.392
17 438.378 181.392 438.378 181.392
18 438.378 181.392 438.378 181.392
19 438.378 181.392 438.378 181.392
20 438.378 181.392 438.378 181.392
21 438.378 181.392 438.378 181.392
22 438.378 181.392 438.378 181.392
23 438.378 181.392 438.378 181.392
24 438.378 181.392 438.378 181.392
25 438.378 181.392 438.378 181.392
26 438.378 181.392 438.378 181.392
27 438.378 181.392 438.378 181.392
28 438.378 181.392 438.378 181.392
29 438.378 181.392 438.378 181.392
30 438.378 181.392 438.378 181.392
31 362.646 149.389 438.378 181.392
32 297.61 124.081 438.378 181.392
33 254.114 106.314 438.378 181.392
34 219.499 91.6631 438.378 181.392
35 188.642 74.8034 438.378 181.392
36 169.569 67.4734 438.378 181.392
37 149.834 58.5965 438.378 181.392
38 135.854 51.0624 438.378 181.392
39 118.999 45.0608 438.378 181.392
40 105.463 41.5113 438.378 181.392
41 96.1296 36.4002 438.378 181.392
42 84.3626 32.6314 438.378 181.392
43 77.9154 30.4151 438.378 181.392
44 73.4776 28.642 438.378 181.392
45 66.5981 27.7526 438.378 181.392
46 60.1561 26.4159 438.378 181.392
47 56.8236 24.6436 438.378 181.392
48 50.1695 23.5354 438.378 181.392
49 46.4017 22.6536 438.378 181.392
50 43.9595 20.8766 438.378 181.392
51 40.4062 18.6516 438.378 181.392
52 37.9639 16.869 438.378 181.392
53 34.419 16.6477 438.378 181.392
54 33.0917 15.9803 438.378 181.392
55 29.9771 15.3108 438.378 181.392
56 28.1984 13.5431 438.378 181.392
57 26.2053 12.6529 438.378 181.392
58 24.8719 12.2098 438.378 181.392
59 23.3142 11.3256 438.378 181.392
60 22.2042 11.3238 438.378 181.392
61 20.2056 10.2093 438.378 181.392
62 19.0944 9.76405 438.378 181.392
63 17.9803 8.65462 438.378 181.392
64 17.3161 7.76653 438.378 181.392
65 16.8726 7.54165 438.378 181.392
66 16.4254 6.87444 438.378 181.392
67 15.5371 6.43019 438.378 181.392
68 15.0947 6.20822 438.378 181.392
69 14.2091 5.98721 438.378 181.392
70 13.0974 5.98721 438.378 181.392
71 12.6528 5.54015 438.378 181.392
72 11.32 5.54015 438.378 181.392
73 11.096 5.54015 438.378 181.392
74 10.4279 5.09737 438.378 181.392
75 9.75998 4.42719 438.378 181.392
76 9.53888 3.9841 438.378 181.392
77 9.31586 3.76412 438.378 181.392
78 8.8733 3.54157 438.378 181.392
79 8.43035 3.31965 438.378 181.392
80 7.98545 3.09696 438.378 181.392
81 7.32139 2.87569 438.378 181.392
82 6.88037 2.87569 438.378 181.392
83 6.88037 2.87569 438.378 181.392
84 6.88037 2.87569 438.378 181.392
85 6.88037 2.65569 438.378 181.392
86 6.65832 2.43557 438.378 181.392
87 6.65832 2.43557 438.378 181.392
88 6.65832 2.43557 438.378 181.392
89 6.65832 2.21544 438.378 181.392
90 6.43596 2.21544 438.378 181.392
91 5.9904 2.21544 438.378 181.392
92 5.9904 2.21544 438.378 181.392
93 5.9904 2.21544 438.378 181.392
94 5.9904 2.21544 438.378 181.392
95 5.76891 2.21544 438.378 181.392
96 5.76891 2.21544 438.378 181.392
97 5.54544 1.99222 438.378 181.392
98 5.54544 1.99222 438.378 181.392
99 5.10254 1.77258 438.378 181.392
