0 0 0  80.8016 32.9962
1 0 0  80.8016 32.9962
2 0 0  80.8016 32.9962
3 0 0  80.8016 32.9962
4 0 0  80.8016 32.9962
5 0 0  80.8016 32.9962
6 0 0  80.8016 32.9962
7 0 0  80.8016 32.9962
8 0 0  80.8016 32.9962
9 0 0  80.8016 32.9962
10 0 0  80.8016 32.9962
11 0 0  80.8016 32.9962
12 0 0  80.8016 32.9962
13 0 0  80.8016 32.9962
14 0 0  80.8016 32.9962
15 0 0  80.8016 32.9962
16 0 0  80.8016 32.9962
17 0 0  80.8016 32.9962
18 0 0  80.8016 32.9962
19 0 0  80.8016 32.9962
20 0 0  80.8016 32.9962
21 0 0  80.8016 32.9962
22 0 0  80.8016 32.9962
23 0 0  80.8016 32.9962
24 0 0  80.8016 32.9962
25 0 0  80.8016 32.9962
26 0 0  80.8016 32.9962
27 0 0  80.8016 32.9962
28 0 0  80.8016 32.9962
29 0 0  80.8016 32.9962
30 0 0  80.8016 32.9962
31 0 0  80.8016 32.9962
32 0.519624 0.519624  80.8016 32.9962
33 0.779437 1.03925  80.8016 32.9962
34 1.81869 1.03925  80.8016 32.9962
35 1.81869 1.29906  80.8016 32.9962
36 2.59812 1.55887  80.8016 32.9962
37 3.11775 1.81869  80.8016 32.9962
38 3.63737 1.81869  80.8016 32.9962
39 4.67662 2.85793  80.8016 32.9962
40 5.45606 3.11775  80.8016 32.9962
41 6.23549 3.63737  80.8016 32.9962
42 6.75512 3.63737  80.8016 32.9962
43 8.83362 3.89718  80.8016 32.9962
44 9.61305 4.41681  80.8016 32.9962
45 9.87286 4.67662  80.8016 32.9962
46 10.6523 4.93643  80.8016 32.9962
47 11.1719 6.23549  80.8016 32.9962
48 11.9514 7.01493  80.8016 32.9962
49 12.7308 7.27474  80.8016 32.9962
50 14.5495 7.53455  80.8016 32.9962
51 15.5887 7.53455  80.8016 32.9962
52 16.8878 7.79437  80.8016 32.9962
53 17.927 8.05418  80.8016 32.9962
54 19.4859 9.09343  80.8016 32.9962
55 20.5252 9.35324  80.8016 32.9962
56 21.0448 9.61305  80.8016 32.9962
57 21.5644 9.87286  80.8016 32.9962
58 21.8242 10.9121  80.8016 32.9962
59 23.6429 11.6916  80.8016 32.9962
60 24.942 11.6916  80.8016 32.9962
61 27.2803 11.9514  80.8016 32.9962
62 27.7999 11.9514  80.8016 32.9962
63 28.8392 12.471  80.8016 32.9962
64 29.3588 13.5102  80.8016 32.9962
65 30.1382 14.0299  80.8016 32.9962
66 31.6971 15.0691  80.8016 32.9962
67 32.7363 15.3289  80.8016 32.9962
68 34.555 15.8485  80.8016 32.9962
69 35.8541 16.628  80.8016 32.9962
70 36.6335 17.1476  80.8016 32.9962
71 37.9326 17.6672  80.8016 32.9962
72 39.7513 18.1869  80.8016 32.9962
73 40.5307 18.4467  80.8016 32.9962
74 41.0503 18.7065  80.8016 32.9962
75 42.6092 19.2261  80.8016 32.9962
76 43.6485 19.7457  80.8016 32.9962
77 44.1681 20.5252  80.8016 32.9962
78 45.4671 20.5252  80.8016 32.9962
79 46.5064 20.785  80.8016 32.9962
80 47.8054 21.3046  80.8016 32.9962
81 47.8054 21.3046  80.8016 32.9962
82 48.8447 21.3046  80.8016 32.9962
83 50.4036 21.3046  80.8016 32.9962
84 51.4428 22.084  80.8016 32.9962
85 52.7419 22.8635  80.8016 32.9962
86 53.2615 22.8635  80.8016 32.9962
87 54.0409 23.6429  80.8016 32.9962
88 54.0409 23.9027  80.8016 32.9962
89 54.0409 24.1625  80.8016 32.9962
90 54.5606 24.1625  80.8016 32.9962
91 55.5998 24.6822  80.8016 32.9962
92 56.8989 24.942  80.8016 32.9962
93 57.1587 24.942  80.8016 32.9962
94 57.6783 24.942  80.8016 32.9962
95 58.7176 25.2018  80.8016 32.9962
96 58.7176 25.2018  80.8016 32.9962
97 59.497 25.4616  80.8016 32.9962
98 60.2764 25.4616  80.8016 32.9962
99 61.3157 25.7214  80.8016 32.9962
