0 185.311 1.95064 185.311 1.95064
1 185.311 1.95064 185.311 1.95064
2 185.311 1.95064 185.311 1.95064
3 185.311 1.95064 185.311 1.95064
4 185.311 1.95064 185.311 1.95064
5 185.311 1.95064 185.311 1.95064
6 185.311 1.95064 185.311 1.95064
7 185.311 1.95064 185.311 1.95064
8 185.311 1.95064 185.311 1.95064
9 185.311 1.95064 185.311 1.95064
10 185.311 1.95064 185.311 1.95064
11 185.311 1.95064 185.311 1.95064
12 185.311 1.95064 185.311 1.95064
13 185.311 1.95064 185.311 1.95064
14 185.311 1.95064 185.311 1.95064
15 185.311 1.95064 185.311 1.95064
16 185.311 1.95064 185.311 1.95064
17 185.311 1.95064 185.311 1.95064
18 185.311 1.95064 185.311 1.95064
19 185.311 1.95064 185.311 1.95064
20 185.311 1.95064 185.311 1.95064
21 185.311 1.95064 185.311 1.95064
22 185.311 1.95064 185.311 1.95064
23 185.311 1.95064 185.311 1.95064
24 185.311 1.95064 185.311 1.95064
25 185.311 1.95064 185.311 1.95064
26 185.311 1.95064 185.311 1.95064
27 185.311 1.95064 185.311 1.95064
28 185.311 1.95064 185.311 1.95064
29 185.311 1.95064 185.311 1.95064
30 185.311 1.95064 185.311 1.95064
31 181.41 1.95064 185.311 1.95064
32 181.41 1.95064 185.311 1.95064
33 171.657 1.95064 185.311 1.95064
34 161.903 1.95064 185.311 1.95064
35 156.052 1.95064 185.311 1.95064
36 146.298 1.95064 185.311 1.95064
37 144.348 1.95064 185.311 1.95064
38 138.496 1.95064 185.311 1.95064
39 138.496 1.95064 185.311 1.95064
40 126.792 1.95064 185.311 1.95064
41 124.841 1.95064 185.311 1.95064
42 118.989 1.95064 185.311 1.95064
43 115.088 1.95064 185.311 1.95064
44 111.187 1.95064 185.311 1.95064
45 113.137 1.95064 185.311 1.95064
46 109.236 1.95064 185.311 1.95064
47 111.187 1.95064 185.311 1.95064
48 111.187 0 185.311 1.95064
49 105.335 0 185.311 1.95064
50 99.4828 0 185.311 1.95064
51 93.6309 0 185.311 1.95064
52 93.6309 0 185.311 1.95064
53 91.6803 0 185.311 1.95064
54 93.6309 0 185.311 1.95064
55 91.6803 0 185.311 1.95064
56 89.7296 0 185.311 1.95064
57 85.8283 0 185.311 1.95064
58 87.779 0 185.311 1.95064
59 83.8777 0 185.311 1.95064
60 78.0258 0 185.311 1.95064
61 76.0751 -1.95064 185.311 1.95064
62 72.1738 -1.95064 185.311 1.95064
63 70.2232 -1.95064 185.311 1.95064
64 66.3219 -1.95064 185.311 1.95064
65 60.47 -1.95064 185.311 1.95064
66 58.5193 -1.95064 185.311 1.95064
67 52.6674 -1.95064 185.311 1.95064
68 48.7661 -1.95064 185.311 1.95064
69 46.8155 -1.95064 185.311 1.95064
70 44.8648 -1.95064 185.311 1.95064
71 42.9142 -1.95064 185.311 1.95064
72 39.0129 -1.95064 185.311 1.95064
73 35.1116 -1.95064 185.311 1.95064
74 35.1116 -1.95064 185.311 1.95064
75 35.1116 -1.95064 185.311 1.95064
76 35.1116 -1.95064 185.311 1.95064
77 35.1116 -1.95064 185.311 1.95064
78 33.1609 -1.95064 185.311 1.95064
79 33.1609 -1.95064 185.311 1.95064
80 33.1609 -1.95064 185.311 1.95064
81 33.1609 -1.95064 185.311 1.95064
82 33.1609 -1.95064 185.311 1.95064
83 33.1609 -1.95064 185.311 1.95064
84 33.1609 -1.95064 185.311 1.95064
85 33.1609 -1.95064 185.311 1.95064
86 29.2597 -1.95064 185.311 1.95064
87 29.2597 -1.95064 185.311 1.95064
88 25.3584 -1.95064 185.311 1.95064
89 23.4077 -1.95064 185.311 1.95064
90 19.5064 -1.95064 185.311 1.95064
91 21.4571 -1.95064 185.311 1.95064
92 21.4571 -1.95064 185.311 1.95064
93 23.4077 -1.95064 185.311 1.95064
94 21.4571 -1.95064 185.311 1.95064
95 21.4571 -1.95064 185.311 1.95064
96 19.5064 -1.95064 185.311 1.95064
97 17.5558 -1.95064 185.311 1.95064
98 17.5558 -1.95064 185.311 1.95064
99 17.5558 -1.95064 185.311 1.95064
