0 0 0  2149.08 15.5374
1 0 0  2149.08 15.5374
2 0 0  2149.08 15.5374
3 0 0  2149.08 15.5374
4 0 0  2149.08 15.5374
5 0 0  2149.08 15.5374
6 0 0  2149.08 15.5374
7 0 0  2149.08 15.5374
8 0 0  2149.08 15.5374
9 0 0  2149.08 15.5374
10 0 0  2149.08 15.5374
11 0 0  2149.08 15.5374
12 0 0  2149.08 15.5374
13 0 0  2149.08 15.5374
14 0 0  2149.08 15.5374
15 0 0  2149.08 15.5374
16 0 0  2149.08 15.5374
17 0 0  2149.08 15.5374
18 0 0  2149.08 15.5374
19 0 0  2149.08 15.5374
20 0 0  2149.08 15.5374
21 0 0  2149.08 15.5374
22 0 0  2149.08 15.5374
23 0 0  2149.08 15.5374
24 0 0  2149.08 15.5374
25 0 0  2149.08 15.5374
26 0 0  2149.08 15.5374
27 0 0  2149.08 15.5374
28 0 0  2149.08 15.5374
29 0 0  2149.08 15.5374
30 0 0  2149.08 15.5374
31 9.97097 0.219832  2149.08 15.5374
32 20.3266 0.431814  2149.08 15.5374
33 31.7344 0.54173  2149.08 15.5374
34 43.6917 0.690902  2149.08 15.5374
35 56.1593 0.863627  2149.08 15.5374
36 69.6005 1.05205  2149.08 15.5374
37 83.7169 1.10701  2149.08 15.5374
38 99.9374 1.32685  2149.08 15.5374
39 116.111 1.53098  2149.08 15.5374
40 134.388 1.71155  2149.08 15.5374
41 155.83 1.86858  2149.08 15.5374
42 177.53 2.17477  2149.08 15.5374
43 202.552 2.3475  2149.08 15.5374
44 228.861 2.7008  2149.08 15.5374
45 258.437 2.94418  2149.08 15.5374
46 290.98 3.24253  2149.08 15.5374
47 326.184 3.45451  2149.08 15.5374
48 365.738 3.73715  2149.08 15.5374
49 405.936 3.97269  2149.08 15.5374
50 447.375 4.37309  2149.08 15.5374
51 489.889 4.59293  2149.08 15.5374
52 532.677 4.86772  2149.08 15.5374
53 575.27 5.15036  2149.08 15.5374
54 617.179 5.29953  2149.08 15.5374
55 659.262 5.50366  2149.08 15.5374
56 700.551 5.802  2149.08 15.5374
57 741.424 6.08465  2149.08 15.5374
58 782.14 6.24952  2149.08 15.5374
59 822.393 6.51646  2149.08 15.5374
60 860.628 6.7677  2149.08 15.5374
61 898.612 7.03464  2149.08 15.5374
62 934.971 7.22306  2149.08 15.5374
63 969.296 7.48215  2149.08 15.5374
64 1003.91 7.70198  2149.08 15.5374
65 1036.83 8.03173  2149.08 15.5374
66 1068.86 8.21231  2149.08 15.5374
67 1100.02 8.4557  2149.08 15.5374
68 1130.63 8.54206  2149.08 15.5374
69 1160.04 8.68338  2149.08 15.5374
70 1188.82 8.90321  2149.08 15.5374
71 1216.54 9.08379  2149.08 15.5374
72 1244.09 9.28007  2149.08 15.5374
73 1270.57 9.49205  2149.08 15.5374
74 1295.62 9.68048  2149.08 15.5374
75 1320.49 9.8375  2149.08 15.5374
76 1343.37 10.0495  2149.08 15.5374
77 1365.67 10.285  2149.08 15.5374
78 1387.69 10.4577  2149.08 15.5374
79 1409.32 10.654  2149.08 15.5374
80 1429.23 10.811  2149.08 15.5374
81 1449.57 10.9681  2149.08 15.5374
82 1469.02 11.0937  2149.08 15.5374
83 1488.05 11.3292  2149.08 15.5374
84 1505.56 11.4941  2149.08 15.5374
85 1522.43 11.5883  2149.08 15.5374
86 1539.6 11.7296  2149.08 15.5374
87 1555.68 11.8003  2149.08 15.5374
88 1571.53 11.8474  2149.08 15.5374
89 1586.36 11.9887  2149.08 15.5374
90 1601.39 12.0594  2149.08 15.5374
91 1615.27 12.0908  2149.08 15.5374
92 1629.13 12.185  2149.08 15.5374
93 1642.27 12.24  2149.08 15.5374
94 1655.37 12.3499  2149.08 15.5374
95 1668.5 12.3813  2149.08 15.5374
96 1680.59 12.4755  2149.08 15.5374
97 1692.4 12.5226  2149.08 15.5374
98 1703.73 12.6404  2149.08 15.5374
99 1714.99 12.7503  2149.08 15.5374
