0 220.948 80.7833 220.948 80.7833
1 220.948 80.7833 220.948 80.7833
2 220.948 80.7833 220.948 80.7833
3 220.948 80.7833 220.948 80.7833
4 220.948 80.7833 220.948 80.7833
5 220.948 80.7833 220.948 80.7833
6 220.948 80.7833 220.948 80.7833
7 220.948 80.7833 220.948 80.7833
8 220.948 80.7833 220.948 80.7833
9 220.948 80.7833 220.948 80.7833
10 220.948 80.7833 220.948 80.7833
11 220.948 80.7833 220.948 80.7833
12 220.948 80.7833 220.948 80.7833
13 220.948 80.7833 220.948 80.7833
14 220.948 80.7833 220.948 80.7833
15 220.948 80.7833 220.948 80.7833
16 220.56 80.6176 220.948 80.7833
17 219.727 80.5623 220.948 80.7833
18 219.173 80.3956 220.948 80.7833
19 217.676 79.7845 220.948 80.7833
20 215.733 79.1733 220.948 80.7833
21 213.954 78.6191 220.948 80.7833
22 211.181 77.5095 220.948 80.7833
23 208.296 76.6765 220.948 80.7833
24 204.968 75.1759 220.948 80.7833
25 200.692 73.5106 220.948 80.7833
26 196.032 72.2883 220.948 80.7833
27 191.314 70.5686 220.948 80.7833
28 185.926 67.9591 220.948 80.7833
29 180.321 65.3497 220.948 80.7833
30 172.385 62.1843 220.948 80.7833
31 163.334 59.5196 220.948 80.7833
32 153.557 56.078 220.948 80.7833
33 144.615 50.8587 220.948 80.7833
34 131.233 46.6451 220.948 80.7833
35 119.685 42.3731 220.948 80.7833
36 105.305 37.6561 220.948 80.7833
37 92.8212 33.1029 220.948 80.7833
38 78.4391 28.5505 220.948 80.7833
39 65.6776 24.0467 220.948 80.7833
40 55.8432 20.2169 220.948 80.7833
41 45.8498 16.9417 220.948 80.7833
42 39.2475 14.1647 220.948 80.7833
43 32.8114 12.6653 220.948 80.7833
44 27.9261 10.9432 220.948 80.7833
45 24.4818 9.77634 220.948 80.7833
46 21.2063 8.83303 220.948 80.7833
47 18.432 7.72143 220.948 80.7833
48 16.2089 6.8901 220.948 80.7833
49 14.823 5.94396 220.948 80.7833
50 13.4919 5.05554 220.948 80.7833
51 12.102 4.50046 220.948 80.7833
52 10.992 4.22411 220.948 80.7833
53 9.994 4.00136 220.948 80.7833
54 9.16094 3.4459 220.948 80.7833
55 8.32711 3.27877 220.948 80.7833
56 7.71853 3.00096 220.948 80.7833
57 6.99687 2.72248 220.948 80.7833
58 6.55235 2.61132 220.948 80.7833
59 6.10721 2.44517 220.948 80.7833
60 5.71779 2.33379 220.948 80.7833
61 5.27263 2.1673 220.948 80.7833
62 4.82867 1.94525 220.948 80.7833
63 4.05119 1.88921 220.948 80.7833
64 3.93966 1.77779 220.948 80.7833
65 3.66275 1.61122 220.948 80.7833
66 3.60745 1.61122 220.948 80.7833
67 3.44013 1.49974 220.948 80.7833
68 3.32929 1.38931 220.948 80.7833
69 3.05182 1.38931 220.948 80.7833
70 2.82912 1.33348 220.948 80.7833
71 2.82912 1.2778 220.948 80.7833
72 2.77336 1.11143 220.948 80.7833
73 2.71792 1.05609 220.948 80.7833
74 2.60724 1.05609 220.948 80.7833
75 2.55161 1.05609 220.948 80.7833
76 2.38591 1.00061 220.948 80.7833
77 2.21954 1.00061 220.948 80.7833
78 2.1641 1.00061 220.948 80.7833
79 1.99818 0.945709 220.948 80.7833
80 1.94266 0.834154 220.948 80.7833
81 1.72044 0.778149 220.948 80.7833
82 1.66539 0.778149 220.948 80.7833
83 1.5548 0.722345 220.948 80.7833
84 1.4995 0.722345 220.948 80.7833
85 1.4995 0.722345 220.948 80.7833
86 1.4995 0.722345 220.948 80.7833
87 1.4995 0.666974 220.948 80.7833
88 1.38851 0.611511 220.948 80.7833
89 1.38851 0.555392 220.948 80.7833
90 1.38851 0.499869 220.948 80.7833
91 1.33287 0.499869 220.948 80.7833
92 1.22234 0.499869 220.948 80.7833
93 1.11104 0.499869 220.948 80.7833
94 1.05542 0.499869 220.948 80.7833
95 1.05542 0.499869 220.948 80.7833
96 0.999291 0.44419 220.948 80.7833
97 0.888293 0.333929 220.948 80.7833
98 0.83241 0.333929 220.948 80.7833
99 0.776676 0.333929 220.948 80.7833
