0 220.274 83.1124 220.274 83.1124
1 220.274 83.1124 220.274 83.1124
2 220.274 83.1124 220.274 83.1124
3 220.274 83.1124 220.274 83.1124
4 220.274 83.1124 220.274 83.1124
5 220.274 83.1124 220.274 83.1124
6 220.274 83.1124 220.274 83.1124
7 220.274 83.1124 220.274 83.1124
8 220.274 83.1124 220.274 83.1124
9 220.274 83.1124 220.274 83.1124
10 220.274 83.1124 220.274 83.1124
11 220.274 83.1124 220.274 83.1124
12 220.274 83.1124 220.274 83.1124
13 220.274 83.1124 220.274 83.1124
14 220.274 83.1124 220.274 83.1124
15 220.274 83.1124 220.274 83.1124
16 219.389 82.7679 220.274 83.1124
17 218.309 82.6207 220.274 83.1124
18 217.034 82.0314 220.274 83.1124
19 215.855 80.9515 220.274 83.1124
20 214.088 80.2639 220.274 83.1124
21 211.58 79.2328 220.274 83.1124
22 208.914 77.6622 220.274 83.1124
23 205.672 75.9926 220.274 83.1124
24 201.006 74.2726 220.274 83.1124
25 196.347 72.1599 220.274 83.1124
26 191.045 70.0021 220.274 83.1124
27 184.523 67.301 220.274 83.1124
28 176.632 64.7232 220.274 83.1124
29 167.449 61.0411 220.274 83.1124
30 157.745 58.4879 220.274 83.1124
31 147.334 55.2233 220.274 83.1124
32 135.79 50.8123 220.274 83.1124
33 122.892 46.2481 220.274 83.1124
34 110.061 40.7994 220.274 83.1124
35 97.2908 34.8629 220.274 83.1124
36 83.6396 30.4465 220.274 83.1124
37 70.9362 25.7356 220.274 83.1124
38 59.909 21.4681 220.274 83.1124
39 50.9412 18.4276 220.274 83.1124
40 43.1383 15.8726 220.274 83.1124
41 36.2215 14.3009 220.274 83.1124
42 31.1637 12.3843 220.274 83.1124
43 27.5994 11.106 220.274 83.1124
44 24.7496 10.09 220.274 83.1124
45 22.0969 8.97281 220.274 83.1124
46 19.7896 8.38403 220.274 83.1124
47 17.8268 7.84288 220.274 83.1124
48 16.3066 7.05612 220.274 83.1124
49 14.29 6.37048 220.274 83.1124
50 13.2086 5.68243 220.274 83.1124
51 11.9311 5.14193 220.274 83.1124
52 11.0477 4.70065 220.274 83.1124
53 10.4083 4.40595 220.274 83.1124
54 9.76938 4.01395 220.274 83.1124
55 9.12975 3.82889 220.274 83.1124
56 8.58892 3.48653 220.274 83.1124
57 7.85163 3.38836 220.274 83.1124
58 7.55694 2.99709 220.274 83.1124
59 7.26287 2.80013 220.274 83.1124
60 6.77147 2.60449 220.274 83.1124
61 6.3295 2.50543 220.274 83.1124
62 5.88811 2.35817 220.274 83.1124
63 5.54519 2.11306 220.274 83.1124
64 5.39782 1.76908 220.274 83.1124
65 5.15132 1.6713 220.274 83.1124
66 5.05359 1.62236 220.274 83.1124
67 4.9065 1.4738 220.274 83.1124
68 4.61151 1.42456 220.274 83.1124
69 4.36627 1.32635 220.274 83.1124
70 4.21956 1.22833 220.274 83.1124
71 3.92663 1.22833 220.274 83.1124
72 3.72964 1.22833 220.274 83.1124
73 3.48275 1.17897 220.274 83.1124
74 3.43351 1.17897 220.274 83.1124
75 3.23761 1.13002 220.274 83.1124
76 3.13972 1.0808 220.274 83.1124
77 2.992 1.0808 220.274 83.1124
78 2.992 1.0808 220.274 83.1124
79 2.84516 1.0808 220.274 83.1124
80 2.74714 1.03171 220.274 83.1124
81 2.74714 0.933714 220.274 83.1124
82 2.69843 0.933714 220.274 83.1124
83 2.64959 0.884471 220.274 83.1124
84 2.60036 0.835222 220.274 83.1124
85 2.40434 0.835222 220.274 83.1124
86 2.30653 0.737018 220.274 83.1124
87 1.96231 0.737018 220.274 83.1124
88 1.81476 0.589556 220.274 83.1124
89 1.76549 0.589556 220.274 83.1124
90 1.66626 0.589556 220.274 83.1124
91 1.61732 0.589556 220.274 83.1124
92 1.51972 0.589556 220.274 83.1124
93 1.37303 0.540511 220.274 83.1124
94 1.22545 0.540511 220.274 83.1124
95 1.17674 0.540511 220.274 83.1124
96 1.17674 0.540511 220.274 83.1124
97 1.17674 0.491391 220.274 83.1124
98 1.17674 0.491391 220.274 83.1124
99 1.17674 0.491391 220.274 83.1124
