0 0 0  310.656 120.608
1 0 0  310.656 120.608
2 0 0  310.656 120.608
3 0 0  310.656 120.608
4 0 0  310.656 120.608
5 0 0  310.656 120.608
6 0 0  310.656 120.608
7 0 0  310.656 120.608
8 0 0  310.656 120.608
9 0 0  310.656 120.608
10 0 0  310.656 120.608
11 0 0  310.656 120.608
12 0 0  310.656 120.608
13 0 0  310.656 120.608
14 0 0  310.656 120.608
15 0 0  310.656 120.608
16 2.71756 1.35884  310.656 120.608
17 6.67616 3.91039  310.656 120.608
18 12.9795 6.29902  310.656 120.608
19 19.6049 9.18134  310.656 120.608
20 27.153 11.6743  310.656 120.608
21 37.1952 14.6563  310.656 120.608
22 49.1479 19.3786  310.656 120.608
23 61.3616 24.2584  310.656 120.608
24 77.6634 29.8015  310.656 120.608
25 94.7093 36.0982  310.656 120.608
26 111.59 43.0491  310.656 120.608
27 130.815 50.818  310.656 120.608
28 154.978 57.8245  310.656 120.608
29 177.793 65.4321  310.656 120.608
30 197.24 74.2822  310.656 120.608
31 215.981 82.1654  310.656 120.608
32 232.377 88.4642  310.656 120.608
33 243.341 92.9179  310.656 120.608
34 252.35 96.7735  310.656 120.608
35 260.115 101.06  310.656 120.608
36 264.889 103.017  310.656 120.608
37 270.258 105.243  310.656 120.608
38 273.951 107.194  310.656 120.608
39 278.237 108.771  310.656 120.608
40 281.819 109.803  310.656 120.608
41 284.265 111.053  310.656 120.608
42 287.306 112.029  310.656 120.608
43 289.317 112.571  310.656 120.608
44 290.619 113.113  310.656 120.608
45 292.411 113.385  310.656 120.608
46 294.257 113.767  310.656 120.608
47 295.289 114.31  310.656 120.608
48 297.08 114.635  310.656 120.608
49 298.111 114.85  310.656 120.608
50 298.817 115.285  310.656 120.608
51 299.686 115.829  310.656 120.608
52 300.392 116.265  310.656 120.608
53 301.259 116.427  310.656 120.608
54 301.638 116.59  310.656 120.608
55 302.4 116.754  310.656 120.608
56 302.943 117.187  310.656 120.608
57 303.431 117.404  310.656 120.608
58 303.865 117.513  310.656 120.608
59 304.246 117.729  310.656 120.608
60 304.572 117.729  310.656 120.608
61 305.169 118.056  310.656 120.608
62 305.604 118.165  310.656 120.608
63 305.932 118.437  310.656 120.608
64 306.095 118.654  310.656 120.608
65 306.203 118.709  310.656 120.608
66 306.312 118.872  310.656 120.608
67 306.53 118.981  310.656 120.608
68 306.692 119.035  310.656 120.608
69 306.909 119.089  310.656 120.608
70 307.181 119.089  310.656 120.608
71 307.344 119.199  310.656 120.608
72 307.67 119.253  310.656 120.608
73 307.725 119.253  310.656 120.608
74 307.888 119.361  310.656 120.608
75 308.052 119.525  310.656 120.608
76 308.106 119.634  310.656 120.608
77 308.16 119.687  310.656 120.608
78 308.323 119.742  310.656 120.608
79 308.432 119.796  310.656 120.608
80 308.541 119.851  310.656 120.608
81 308.703 119.905  310.656 120.608
82 308.811 119.905  310.656 120.608
83 308.811 119.905  310.656 120.608
84 308.811 119.905  310.656 120.608
85 308.811 119.959  310.656 120.608
86 308.919 120.012  310.656 120.608
87 308.919 120.012  310.656 120.608
88 308.919 120.012  310.656 120.608
89 308.919 120.066  310.656 120.608
90 308.974 120.066  310.656 120.608
91 309.083 120.066  310.656 120.608
92 309.083 120.066  310.656 120.608
93 309.083 120.066  310.656 120.608
94 309.083 120.066  310.656 120.608
95 309.137 120.066  310.656 120.608
96 309.137 120.066  310.656 120.608
97 309.192 120.121  310.656 120.608
98 309.192 120.121  310.656 120.608
99 309.3 120.175  310.656 120.608
