0 153.324 62.6353 153.324 62.6353
1 153.324 62.6353 153.324 62.6353
2 153.324 62.6353 153.324 62.6353
3 153.324 62.6353 153.324 62.6353
4 153.324 62.6353 153.324 62.6353
5 153.324 62.6353 153.324 62.6353
6 153.324 62.6353 153.324 62.6353
7 153.324 62.6353 153.324 62.6353
8 153.324 62.6353 153.324 62.6353
9 153.324 62.6353 153.324 62.6353
10 153.324 62.6353 153.324 62.6353
11 153.324 62.6353 153.324 62.6353
12 153.324 62.6353 153.324 62.6353
13 153.324 62.6353 153.324 62.6353
14 153.324 62.6353 153.324 62.6353
15 153.324 62.6353 153.324 62.6353
16 148.956 60.701 153.324 62.6353
17 141.913 58.0209 153.324 62.6353
18 134.062 55.1667 153.324 62.6353
19 124.077 51.4239 153.324 62.6353
20 113.673 47.3796 153.324 62.6353
21 102.704 43.2793 153.324 62.6353
22 92.6311 39.4184 153.324 62.6353
23 83.296 35.2861 153.324 62.6353
24 73.5487 31.2748 153.324 62.6353
25 64.392 27.6462 153.324 62.6353
26 56.7184 24.2262 153.324 62.6353
27 49.6471 21.1374 153.324 62.6353
28 42.8688 18.6388 153.324 62.6353
29 37.9914 16.0497 153.324 62.6353
30 33.1746 13.9097 153.324 62.6353
31 28.7145 11.8283 153.324 62.6353
32 24.4619 10.1324 153.324 62.6353
33 21.372 8.70537 153.324 62.6353
34 18.4874 7.69619 153.324 62.6353
35 16.4975 6.41827 153.324 62.6353
36 14.2387 5.585 153.324 62.6353
37 12.5745 5.13858 153.324 62.6353
38 11.1789 4.60366 153.324 62.6353
39 10.0809 4.12867 153.324 62.6353
40 9.42695 3.59326 153.324 62.6353
41 8.6537 3.11681 153.324 62.6353
42 7.55456 2.79085 153.324 62.6353
43 6.78056 2.43462 153.324 62.6353
44 6.12536 2.3457 153.324 62.6353
45 5.79786 1.98987 153.324 62.6353
46 5.38151 1.81104 153.324 62.6353
47 5.08394 1.69211 153.324 62.6353
48 4.90543 1.48447 153.324 62.6353
49 4.48893 1.42502 153.324 62.6353
50 4.19123 1.33581 153.324 62.6353
51 4.04315 1.27625 153.324 62.6353
52 3.83507 1.27636 153.324 62.6353
53 3.65744 1.15821 153.324 62.6353
54 3.53819 1.09883 153.324 62.6353
55 3.3302 0.980329 153.324 62.6353
56 3.09214 0.891324 153.324 62.6353
57 2.88421 0.831683 153.324 62.6353
58 2.76546 0.831683 153.324 62.6353
59 2.67661 0.742522 153.324 62.6353
60 2.43827 0.6828 153.324 62.6353
61 2.37919 0.6828 153.324 62.6353
62 2.22993 0.593933 153.324 62.6353
63 2.05152 0.563943 153.324 62.6353
64 2.02202 0.563943 153.324 62.6353
65 1.90296 0.534209 153.324 62.6353
66 1.78397 0.564159 153.324 62.6353
67 1.69445 0.534824 153.324 62.6353
68 1.60504 0.505177 153.324 62.6353
69 1.5453 0.38619 153.324 62.6353
70 1.51558 0.356451 153.324 62.6353
71 1.48579 0.356451 153.324 62.6353
72 1.39664 0.326529 153.324 62.6353
73 1.39664 0.326529 153.324 62.6353
74 1.36667 0.266805 153.324 62.6353
75 1.30714 0.266805 153.324 62.6353
76 1.27745 0.23747 153.324 62.6353
77 1.21861 0.23747 153.324 62.6353
78 1.18867 0.207732 153.324 62.6353
79 1.18867 0.177836 153.324 62.6353
80 1.12922 0.177836 153.324 62.6353
81 1.07008 0.177836 153.324 62.6353
82 1.07008 0.177836 153.324 62.6353
83 1.07008 0.177836 153.324 62.6353
84 1.04011 0.177836 153.324 62.6353
85 0.951349 0.148152 153.324 62.6353
86 0.891708 0.148152 153.324 62.6353
87 0.861788 0.148152 153.324 62.6353
88 0.861788 0.148152 153.324 62.6353
89 0.802441 0.148152 153.324 62.6353
90 0.802441 0.118427 153.324 62.6353
91 0.772942 0.0887585 153.324 62.6353
92 0.772942 0.0887585 153.324 62.6353
93 0.743292 0.0887585 153.324 62.6353
94 0.743292 0.059125 153.324 62.6353
95 0.743292 0.059125 153.324 62.6353
96 0.71361 0.059125 153.324 62.6353
97 0.683942 0.059125 153.324 62.6353
98 0.683942 0.059125 153.324 62.6353
99 0.654062 0.059125 153.324 62.6353
