0 224.013 78.8755 224.013 78.8755
1 224.013 78.8755 224.013 78.8755
2 224.013 78.8755 224.013 78.8755
3 224.013 78.8755 224.013 78.8755
4 224.013 78.8755 224.013 78.8755
5 224.013 78.8755 224.013 78.8755
6 224.013 78.8755 224.013 78.8755
7 224.013 78.8755 224.013 78.8755
8 224.013 78.8755 224.013 78.8755
9 224.013 78.8755 224.013 78.8755
10 224.013 78.8755 224.013 78.8755
11 224.013 78.8755 224.013 78.8755
12 224.013 78.8755 224.013 78.8755
13 224.013 78.8755 224.013 78.8755
14 224.013 78.8755 224.013 78.8755
15 224.013 78.8755 224.013 78.8755
16 223.433 78.7022 224.013 78.8755
17 222.796 78.4129 224.013 78.8755
18 221.405 78.1238 224.013 78.8755
19 220.419 77.4875 224.013 78.8755
20 218.859 76.7937 224.013 78.8755
21 217.009 76.4469 224.013 78.8755
22 214.637 75.9841 224.013 78.8755
23 211.979 75.1732 224.013 78.8755
24 209.374 73.6708 224.013 78.8755
25 205.446 72.5708 224.013 78.8755
26 200.585 71.0095 224.013 78.8755
27 195.387 69.2149 224.013 78.8755
28 189.429 67.1335 224.013 78.8755
29 182.146 64.5914 224.013 78.8755
30 175.322 61.4122 224.013 78.8755
31 166.236 57.8878 224.013 78.8755
32 157.101 54.5914 224.013 78.8755
33 145.765 51.2956 224.013 78.8755
34 136.107 47.7076 224.013 78.8755
35 123.958 43.2522 224.013 78.8755
36 112.457 39.8381 224.013 78.8755
37 99.15 35.2132 224.013 78.8755
38 86.5515 30.8668 224.013 78.8755
39 74.1192 24.8536 224.013 78.8755
40 61.977 21.3905 224.013 78.8755
41 52.2162 17.5759 224.013 78.8755
42 43.6536 14.7421 224.013 78.8755
43 37.3524 13.0649 224.013 78.8755
44 31.107 11.0456 224.013 78.8755
45 25.5589 9.83051 224.013 78.8755
46 22.1509 8.50241 224.013 78.8755
47 18.8494 7.46241 224.013 78.8755
48 17.2293 6.65507 224.013 78.8755
49 15.437 5.67099 224.013 78.8755
50 14.4515 4.80495 224.013 78.8755
51 12.8901 4.2267 224.013 78.8755
52 11.5018 4.05339 224.013 78.8755
53 10.2326 3.30175 224.013 78.8755
54 9.42376 2.78129 224.013 78.8755
55 8.1514 2.60765 224.013 78.8755
56 7.57334 2.14367 224.013 78.8755
57 6.81967 1.91231 224.013 78.8755
58 6.46977 1.79753 224.013 78.8755
59 6.23966 1.68225 224.013 78.8755
60 5.8928 1.5071 224.013 78.8755
61 5.54619 1.44833 224.013 78.8755
62 4.85247 1.15901 224.013 78.8755
63 4.274 1.04293 224.013 78.8755
64 3.8675 1.04293 224.013 78.8755
65 3.57848 1.04293 224.013 78.8755
66 3.40614 0.985097 224.013 78.8755
67 3.11624 0.985097 224.013 78.8755
68 3.00088 0.811501 224.013 78.8755
69 2.88529 0.753957 224.013 78.8755
70 2.59653 0.637927 224.013 78.8755
71 2.36466 0.58016 224.013 78.8755
72 2.24941 0.522572 224.013 78.8755
73 2.13397 0.522572 224.013 78.8755
74 2.01868 0.579995 224.013 78.8755
75 1.96107 0.579995 224.013 78.8755
76 1.78834 0.579995 224.013 78.8755
77 1.61552 0.463079 224.013 78.8755
78 1.55777 0.463079 224.013 78.8755
79 1.38493 0.463079 224.013 78.8755
80 1.38493 0.463079 224.013 78.8755
81 1.26995 0.40522 224.013 78.8755
82 1.15457 0.40522 224.013 78.8755
83 1.15457 0.347596 224.013 78.8755
84 1.09687 0.347596 224.013 78.8755
85 1.03985 0.347596 224.013 78.8755
86 0.982202 0.289473 224.013 78.8755
87 0.982202 0.174349 224.013 78.8755
88 1.04004 0.174349 224.013 78.8755
89 0.982418 0.231946 224.013 78.8755
90 0.925065 0.231946 224.013 78.8755
91 0.925065 0.231946 224.013 78.8755
92 0.925065 0.231946 224.013 78.8755
93 0.867379 0.231946 224.013 78.8755
94 0.809677 0.231946 224.013 78.8755
95 0.809677 0.231946 224.013 78.8755
96 0.809677 0.231946 224.013 78.8755
97 0.751757 0.231946 224.013 78.8755
98 0.636329 0.231946 224.013 78.8755
99 0.636329 0.231946 224.013 78.8755
