0 185.093 74.0656 185.093 74.0656
1 185.093 74.0656 185.093 74.0656
2 185.093 74.0656 185.093 74.0656
3 185.093 74.0656 185.093 74.0656
4 185.093 74.0656 185.093 74.0656
5 185.093 74.0656 185.093 74.0656
6 185.093 74.0656 185.093 74.0656
7 185.093 74.0656 185.093 74.0656
8 185.093 74.0656 185.093 74.0656
9 185.093 74.0656 185.093 74.0656
10 185.093 74.0656 185.093 74.0656
11 185.093 74.0656 185.093 74.0656
12 185.093 74.0656 185.093 74.0656
13 185.093 74.0656 185.093 74.0656
14 185.093 74.0656 185.093 74.0656
15 185.093 74.0656 185.093 74.0656
16 182.454 73.2191 185.093 74.0656
17 178.428 71.7085 185.093 74.0656
18 172.33 69.7884 185.093 74.0656
19 165.619 66.9205 185.093 74.0656
20 157.317 63.1317 185.093 74.0656
21 146.636 58.7213 185.093 74.0656
22 133.745 53.5477 185.093 74.0656
23 119.656 48.0961 185.093 74.0656
24 105.701 41.563 185.093 74.0656
25 91.4331 35.8012 185.093 74.0656
26 77.4206 30.4199 185.093 74.0656
27 66.612 26.1178 185.093 74.0656
28 56.9061 22.1196 185.093 74.0656
29 48.4293 18.8672 185.093 74.0656
30 42.16 16.3314 185.093 74.0656
31 36.7807 14.0772 185.093 74.0656
32 31.4032 12.2094 185.093 74.0656
33 26.6672 10.5483 185.093 74.0656
34 23.1057 9.421 185.093 74.0656
35 20.0066 8.242 185.093 74.0656
36 17.9596 7.19197 185.093 74.0656
37 15.8323 6.52669 185.093 74.0656
38 14.2426 5.73293 185.093 74.0656
39 12.833 5.11833 185.093 74.0656
40 11.7304 4.52945 185.093 74.0656
41 10.5017 4.01705 185.093 74.0656
42 9.47814 3.7867 185.093 74.0656
43 8.63156 3.47957 185.093 74.0656
44 8.11886 3.12167 185.093 74.0656
45 7.5807 2.94301 185.093 74.0656
46 6.8624 2.63567 185.093 74.0656
47 6.42726 2.53325 185.093 74.0656
48 6.06966 2.37968 185.093 74.0656
49 5.42886 2.32861 185.093 74.0656
50 5.01861 2.12379 185.093 74.0656
51 4.60972 1.99579 185.093 74.0656
52 4.38023 1.91957 185.093 74.0656
53 4.2277 1.79118 185.093 74.0656
54 3.97158 1.73986 185.093 74.0656
55 3.71493 1.66282 185.093 74.0656
56 3.63794 1.56055 185.093 74.0656
57 3.4576 1.56055 185.093 74.0656
58 3.27919 1.4323 185.093 74.0656
59 3.12638 1.4323 185.093 74.0656
60 2.94676 1.3554 185.093 74.0656
61 2.84438 1.32997 185.093 74.0656
62 2.71578 1.22767 185.093 74.0656
63 2.63834 1.09999 185.093 74.0656
64 2.50953 1.09999 185.093 74.0656
65 2.35611 1.04848 185.093 74.0656
66 2.33065 1.07406 185.093 74.0656
67 2.27919 0.997744 185.093 74.0656
68 2.15205 0.946484 185.093 74.0656
69 2.07585 0.869321 185.093 74.0656
70 1.9991 0.818229 185.093 74.0656
71 1.92232 0.792987 185.093 74.0656
72 1.89651 0.74211 185.093 74.0656
73 1.8709 0.690579 185.093 74.0656
74 1.79408 0.665116 185.093 74.0656
75 1.69148 0.665116 185.093 74.0656
76 1.53721 0.614112 185.093 74.0656
77 1.51153 0.614112 185.093 74.0656
78 1.46055 0.588444 185.093 74.0656
79 1.38336 0.53716 185.093 74.0656
80 1.35783 0.53716 185.093 74.0656
81 1.22953 0.53716 185.093 74.0656
82 1.17879 0.511429 185.093 74.0656
83 1.1278 0.485797 185.093 74.0656
84 1.02495 0.485797 185.093 74.0656
85 1.02495 0.485797 185.093 74.0656
86 0.999441 0.485797 185.093 74.0656
87 0.974034 0.43456 185.093 74.0656
88 0.871283 0.43456 185.093 74.0656
89 0.871283 0.43456 185.093 74.0656
90 0.845876 0.383211 185.093 74.0656
91 0.820279 0.383211 185.093 74.0656
92 0.794567 0.383211 185.093 74.0656
93 0.794567 0.357433 185.093 74.0656
94 0.768818 0.305873 185.093 74.0656
95 0.743355 0.305873 185.093 74.0656
96 0.717775 0.305873 185.093 74.0656
97 0.717775 0.305873 185.093 74.0656
98 0.641107 0.28027 185.093 74.0656
99 0.615328 0.28027 185.093 74.0656
