0 0 0  99.2483 41.0503
1 0 0  99.2483 41.0503
2 0 0  99.2483 41.0503
3 0 0  99.2483 41.0503
4 0 0  99.2483 41.0503
5 0 0  99.2483 41.0503
6 0 0  99.2483 41.0503
7 0 0  99.2483 41.0503
8 0 0  99.2483 41.0503
9 0 0  99.2483 41.0503
10 0 0  99.2483 41.0503
11 0 0  99.2483 41.0503
12 0 0  99.2483 41.0503
13 0 0  99.2483 41.0503
14 0 0  99.2483 41.0503
15 0 0  99.2483 41.0503
16 0 0  99.2483 41.0503
17 0.519624 0  99.2483 41.0503
18 0.519624 0  99.2483 41.0503
19 0.519624 0  99.2483 41.0503
20 0.779437 0  99.2483 41.0503
21 0.779437 0  99.2483 41.0503
22 1.03925 0  99.2483 41.0503
23 1.81869 0  99.2483 41.0503
24 2.33831 0  99.2483 41.0503
25 2.33831 0.259812  99.2483 41.0503
26 3.11775 0.519624  99.2483 41.0503
27 3.63737 0.519624  99.2483 41.0503
28 4.41681 1.03925  99.2483 41.0503
29 4.93643 1.81869  99.2483 41.0503
30 5.19624 1.81869  99.2483 41.0503
31 5.19624 1.81869  99.2483 41.0503
32 5.97568 2.85793  99.2483 41.0503
33 6.23549 3.63737  99.2483 41.0503
34 7.53455 3.63737  99.2483 41.0503
35 8.05418 3.89718  99.2483 41.0503
36 8.83362 4.67662  99.2483 41.0503
37 9.35324 4.93643  99.2483 41.0503
38 9.87286 4.93643  99.2483 41.0503
39 11.1719 5.97568  99.2483 41.0503
40 12.7308 6.23549  99.2483 41.0503
41 13.77 6.75512  99.2483 41.0503
42 14.8093 6.75512  99.2483 41.0503
43 17.1476 7.27474  99.2483 41.0503
44 18.1869 7.79437  99.2483 41.0503
45 18.9663 8.83362  99.2483 41.0503
46 20.5252 9.35324  99.2483 41.0503
47 21.5644 10.9121  99.2483 41.0503
48 22.6037 11.6916  99.2483 41.0503
49 23.6429 11.9514  99.2483 41.0503
50 25.4616 12.471  99.2483 41.0503
51 27.2803 12.7308  99.2483 41.0503
52 28.5793 13.2504  99.2483 41.0503
53 29.8784 13.5102  99.2483 41.0503
54 31.9569 14.5495  99.2483 41.0503
55 33.256 14.8093  99.2483 41.0503
56 33.7756 15.0691  99.2483 41.0503
57 34.2952 15.3289  99.2483 41.0503
58 34.555 16.628  99.2483 41.0503
59 36.8933 17.4074  99.2483 41.0503
60 38.1924 17.4074  99.2483 41.0503
61 40.7905 17.6672  99.2483 41.0503
62 41.8298 17.6672  99.2483 41.0503
63 42.869 18.1869  99.2483 41.0503
64 43.9083 19.2261  99.2483 41.0503
65 44.9475 20.0055  99.2483 41.0503
66 46.5064 21.0448  99.2483 41.0503
67 47.5456 21.3046  99.2483 41.0503
68 49.6241 21.8242  99.2483 41.0503
69 50.9232 22.6037  99.2483 41.0503
70 51.7026 23.6429  99.2483 41.0503
71 53.7811 24.1625  99.2483 41.0503
72 55.5998 24.6822  99.2483 41.0503
73 56.3793 24.942  99.2483 41.0503
74 56.8989 25.2018  99.2483 41.0503
75 58.7176 25.7214  99.2483 41.0503
76 59.7568 26.241  99.2483 41.0503
77 60.2764 27.5401  99.2483 41.0503
78 62.0951 27.5401  99.2483 41.0503
79 63.1344 27.7999  99.2483 41.0503
80 64.4334 28.3195  99.2483 41.0503
81 64.4334 28.3195  99.2483 41.0503
82 65.4727 28.3195  99.2483 41.0503
83 67.0316 28.3195  99.2483 41.0503
84 68.0708 29.099  99.2483 41.0503
85 69.3699 29.8784  99.2483 41.0503
86 69.8895 29.8784  99.2483 41.0503
87 70.9287 30.6578  99.2483 41.0503
88 71.1886 31.1775  99.2483 41.0503
89 71.1886 31.4373  99.2483 41.0503
90 71.7082 31.4373  99.2483 41.0503
91 72.7474 31.9569  99.2483 41.0503
92 74.0465 32.2167  99.2483 41.0503
93 74.3063 32.4765  99.2483 41.0503
94 74.8259 32.7363  99.2483 41.0503
95 75.8652 32.9962  99.2483 41.0503
96 75.8652 32.9962  99.2483 41.0503
97 76.6446 33.256  99.2483 41.0503
98 77.6839 33.256  99.2483 41.0503
99 78.7231 33.5158  99.2483 41.0503
