0 0 0 1218.44 27.1627
1 0 0 1218.44 27.1627
2 0 0 1218.44 27.1627
3 0 0 1218.44 27.1627
4 0 0 1218.44 27.1627
5 0 0 1218.44 27.1627
6 0 0 1218.44 27.1627
7 0 0 1218.44 27.1627
8 0 0 1218.44 27.1627
9 0 0 1218.44 27.1627
10 0 0 1218.44 27.1627
11 3.88038 0 1218.44 27.1627
12 3.88038 0 1218.44 27.1627
13 3.88038 0 1218.44 27.1627
14 7.76077 0 1218.44 27.1627
15 19.4019 0 1218.44 27.1627
16 42.6842 3.88038 1218.44 27.1627
17 65.9665 7.76077 1218.44 27.1627
18 77.6077 15.5215 1218.44 27.1627
19 104.77 15.5215 1218.44 27.1627
20 139.694 15.5215 1218.44 27.1627
21 170.737 15.5215 1218.44 27.1627
22 225.062 15.5215 1218.44 27.1627
23 275.507 19.4019 1218.44 27.1627
24 388.038 19.4019 1218.44 27.1627
25 496.689 19.4019 1218.44 27.1627
26 605.34 19.4019 1218.44 27.1627
27 752.795 23.2823 1218.44 27.1627
28 896.369 23.2823 1218.44 27.1627
29 1063.23 19.4019 1218.44 27.1627
30 1218.44 27.1627 1218.44 27.1627
31 1218.44 27.1627 1218.44 27.1627
32 1218.44 27.1627 1218.44 27.1627
33 1218.44 27.1627 1218.44 27.1627
34 1218.44 27.1627 1218.44 27.1627
35 1218.44 27.1627 1218.44 27.1627
36 1218.44 27.1627 1218.44 27.1627
37 1218.44 27.1627 1218.44 27.1627
38 1218.44 27.1627 1218.44 27.1627
39 1218.44 27.1627 1218.44 27.1627
40 1218.44 27.1627 1218.44 27.1627
41 1218.44 27.1627 1218.44 27.1627
42 1218.44 27.1627 1218.44 27.1627
43 1218.44 27.1627 1218.44 27.1627
44 1218.44 27.1627 1218.44 27.1627
45 1218.44 27.1627 1218.44 27.1627
46 1218.44 27.1627 1218.44 27.1627
47 1218.44 27.1627 1218.44 27.1627
48 1218.44 27.1627 1218.44 27.1627
49 1218.44 27.1627 1218.44 27.1627
50 1218.44 27.1627 1218.44 27.1627
51 1218.44 27.1627 1218.44 27.1627
52 1218.44 27.1627 1218.44 27.1627
53 1218.44 27.1627 1218.44 27.1627
54 1218.44 27.1627 1218.44 27.1627
55 1218.44 27.1627 1218.44 27.1627
56 1218.44 27.1627 1218.44 27.1627
57 1218.44 27.1627 1218.44 27.1627
58 1218.44 27.1627 1218.44 27.1627
59 1218.44 27.1627 1218.44 27.1627
60 1218.44 27.1627 1218.44 27.1627
61 1218.44 27.1627 1218.44 27.1627
62 1218.44 27.1627 1218.44 27.1627
63 1218.44 27.1627 1218.44 27.1627
64 1218.44 27.1627 1218.44 27.1627
65 1218.44 27.1627 1218.44 27.1627
66 1218.44 27.1627 1218.44 27.1627
67 1218.44 27.1627 1218.44 27.1627
68 1218.44 27.1627 1218.44 27.1627
69 1218.44 27.1627 1218.44 27.1627
70 1218.44 27.1627 1218.44 27.1627
71 1218.44 27.1627 1218.44 27.1627
72 1218.44 27.1627 1218.44 27.1627
73 1218.44 27.1627 1218.44 27.1627
74 1218.44 27.1627 1218.44 27.1627
75 1218.44 27.1627 1218.44 27.1627
76 1218.44 27.1627 1218.44 27.1627
77 1218.44 27.1627 1218.44 27.1627
78 1218.44 27.1627 1218.44 27.1627
79 1218.44 27.1627 1218.44 27.1627
80 1218.44 27.1627 1218.44 27.1627
81 1218.44 27.1627 1218.44 27.1627
82 1218.44 27.1627 1218.44 27.1627
83 1218.44 27.1627 1218.44 27.1627
84 1218.44 27.1627 1218.44 27.1627
85 1218.44 27.1627 1218.44 27.1627
86 1218.44 27.1627 1218.44 27.1627
87 1218.44 27.1627 1218.44 27.1627
88 1218.44 27.1627 1218.44 27.1627
89 1218.44 27.1627 1218.44 27.1627
90 1218.44 27.1627 1218.44 27.1627
91 1218.44 27.1627 1218.44 27.1627
92 1218.44 27.1627 1218.44 27.1627
93 1218.44 27.1627 1218.44 27.1627
94 1218.44 27.1627 1218.44 27.1627
95 1218.44 27.1627 1218.44 27.1627
96 1218.44 27.1627 1218.44 27.1627
97 1218.44 27.1627 1218.44 27.1627
98 1218.44 27.1627 1218.44 27.1627
99 1218.44 27.1627 1218.44 27.1627
