0 1218.44 27.1627 1218.44 27.1627
1 1218.44 27.1627 1218.44 27.1627
2 1218.44 27.1627 1218.44 27.1627
3 1218.44 27.1627 1218.44 27.1627
4 1218.44 27.1627 1218.44 27.1627
5 1218.44 27.1627 1218.44 27.1627
6 1218.44 27.1627 1218.44 27.1627
7 1218.44 27.1627 1218.44 27.1627
8 1218.44 27.1627 1218.44 27.1627
9 1218.44 27.1627 1218.44 27.1627
10 1218.44 27.1627 1218.44 27.1627
11 1214.56 27.1627 1218.44 27.1627
12 1214.56 27.1627 1218.44 27.1627
13 1214.56 27.1627 1218.44 27.1627
14 1210.68 27.1627 1218.44 27.1627
15 1199.04 27.1627 1218.44 27.1627
16 1175.76 23.2823 1218.44 27.1627
17 1152.47 19.4019 1218.44 27.1627
18 1140.83 11.6412 1218.44 27.1627
19 1113.67 11.6412 1218.44 27.1627
20 1078.75 11.6412 1218.44 27.1627
21 1047.7 11.6412 1218.44 27.1627
22 993.378 11.6412 1218.44 27.1627
23 942.933 7.76077 1218.44 27.1627
24 830.402 7.76077 1218.44 27.1627
25 721.751 7.76077 1218.44 27.1627
26 613.101 7.76077 1218.44 27.1627
27 465.646 3.88038 1218.44 27.1627
28 322.072 3.88038 1218.44 27.1627
29 155.215 7.76077 1218.44 27.1627
30 0 0 1218.44 27.1627
31 0 0 1218.44 27.1627
32 0 0 1218.44 27.1627
33 0 0 1218.44 27.1627
34 0 0 1218.44 27.1627
35 0 0 1218.44 27.1627
36 0 0 1218.44 27.1627
37 0 0 1218.44 27.1627
38 0 0 1218.44 27.1627
39 0 0 1218.44 27.1627
40 0 0 1218.44 27.1627
41 0 0 1218.44 27.1627
42 0 0 1218.44 27.1627
43 0 0 1218.44 27.1627
44 0 0 1218.44 27.1627
45 0 0 1218.44 27.1627
46 0 0 1218.44 27.1627
47 0 0 1218.44 27.1627
48 0 0 1218.44 27.1627
49 0 0 1218.44 27.1627
50 0 0 1218.44 27.1627
51 0 0 1218.44 27.1627
52 0 0 1218.44 27.1627
53 0 0 1218.44 27.1627
54 0 0 1218.44 27.1627
55 0 0 1218.44 27.1627
56 0 0 1218.44 27.1627
57 0 0 1218.44 27.1627
58 0 0 1218.44 27.1627
59 0 0 1218.44 27.1627
60 0 0 1218.44 27.1627
61 0 0 1218.44 27.1627
62 0 0 1218.44 27.1627
63 0 0 1218.44 27.1627
64 0 0 1218.44 27.1627
65 0 0 1218.44 27.1627
66 0 0 1218.44 27.1627
67 0 0 1218.44 27.1627
68 0 0 1218.44 27.1627
69 0 0 1218.44 27.1627
70 0 0 1218.44 27.1627
71 0 0 1218.44 27.1627
72 0 0 1218.44 27.1627
73 0 0 1218.44 27.1627
74 0 0 1218.44 27.1627
75 0 0 1218.44 27.1627
76 0 0 1218.44 27.1627
77 0 0 1218.44 27.1627
78 0 0 1218.44 27.1627
79 0 0 1218.44 27.1627
80 0 0 1218.44 27.1627
81 0 0 1218.44 27.1627
82 0 0 1218.44 27.1627
83 0 0 1218.44 27.1627
84 0 0 1218.44 27.1627
85 0 0 1218.44 27.1627
86 0 0 1218.44 27.1627
87 0 0 1218.44 27.1627
88 0 0 1218.44 27.1627
89 0 0 1218.44 27.1627
90 0 0 1218.44 27.1627
91 0 0 1218.44 27.1627
92 0 0 1218.44 27.1627
93 0 0 1218.44 27.1627
94 0 0 1218.44 27.1627
95 0 0 1218.44 27.1627
96 0 0 1218.44 27.1627
97 0 0 1218.44 27.1627
98 0 0 1218.44 27.1627
99 0 0 1218.44 27.1627
