0 0 0  183.468 65.5663
1 0 0  183.468 65.5663
2 0 0  183.468 65.5663
3 0 0  183.468 65.5663
4 0 0  183.468 65.5663
5 0 0  183.468 65.5663
6 0 0  183.468 65.5663
7 0 0  183.468 65.5663
8 0 0  183.468 65.5663
9 0 0  183.468 65.5663
10 0 0  183.468 65.5663
11 0.427871 0  183.468 65.5663
12 0.854771 0.212952  183.468 65.5663
13 0.854771 0.212952  183.468 65.5663
14 1.92702 0.6414  183.468 65.5663
15 3.63177 1.06643  183.468 65.5663
16 5.77381 1.70639  183.468 65.5663
17 8.12706 2.77497  183.468 65.5663
18 13.2636 3.84262  183.468 65.5663
19 16.9055 6.19276  183.468 65.5663
20 22.6678 8.75558  183.468 65.5663
21 29.5014 10.0363  183.468 65.5663
22 38.2592 11.7457  183.468 65.5663
23 48.0779 14.7409  183.468 65.5663
24 57.7007 20.2898  183.468 65.5663
25 72.2062 24.3527  183.468 65.5663
26 90.161 30.1189  183.468 65.5663
27 109.359 36.7472  183.468 65.5663
28 131.365 44.4348  183.468 65.5663
29 158.263 53.8241  183.468 65.5663
30 183.468 65.5663  183.468 65.5663
31 183.468 65.5663  183.468 65.5663
32 183.468 65.5663  183.468 65.5663
33 183.468 65.5663  183.468 65.5663
34 183.468 65.5663  183.468 65.5663
35 183.468 65.5663  183.468 65.5663
36 183.468 65.5663  183.468 65.5663
37 183.468 65.5663  183.468 65.5663
38 183.468 65.5663  183.468 65.5663
39 183.468 65.5663  183.468 65.5663
40 183.468 65.5663  183.468 65.5663
41 183.468 65.5663  183.468 65.5663
42 183.468 65.5663  183.468 65.5663
43 183.468 65.5663  183.468 65.5663
44 183.468 65.5663  183.468 65.5663
45 183.468 65.5663  183.468 65.5663
46 183.468 65.5663  183.468 65.5663
47 183.468 65.5663  183.468 65.5663
48 183.468 65.5663  183.468 65.5663
49 183.468 65.5663  183.468 65.5663
50 183.468 65.5663  183.468 65.5663
51 183.468 65.5663  183.468 65.5663
52 183.468 65.5663  183.468 65.5663
53 183.468 65.5663  183.468 65.5663
54 183.468 65.5663  183.468 65.5663
55 183.468 65.5663  183.468 65.5663
56 183.468 65.5663  183.468 65.5663
57 183.468 65.5663  183.468 65.5663
58 183.468 65.5663  183.468 65.5663
59 183.468 65.5663  183.468 65.5663
60 183.468 65.5663  183.468 65.5663
61 183.468 65.5663  183.468 65.5663
62 183.468 65.5663  183.468 65.5663
63 183.468 65.5663  183.468 65.5663
64 183.468 65.5663  183.468 65.5663
65 183.468 65.5663  183.468 65.5663
66 183.468 65.5663  183.468 65.5663
67 183.468 65.5663  183.468 65.5663
68 183.468 65.5663  183.468 65.5663
69 183.468 65.5663  183.468 65.5663
70 183.468 65.5663  183.468 65.5663
71 183.468 65.5663  183.468 65.5663
72 183.468 65.5663  183.468 65.5663
73 183.468 65.5663  183.468 65.5663
74 183.468 65.5663  183.468 65.5663
75 183.468 65.5663  183.468 65.5663
76 183.468 65.5663  183.468 65.5663
77 183.468 65.5663  183.468 65.5663
78 183.468 65.5663  183.468 65.5663
79 183.468 65.5663  183.468 65.5663
80 183.468 65.5663  183.468 65.5663
81 183.468 65.5663  183.468 65.5663
82 183.468 65.5663  183.468 65.5663
83 183.468 65.5663  183.468 65.5663
84 183.468 65.5663  183.468 65.5663
85 183.468 65.5663  183.468 65.5663
86 183.468 65.5663  183.468 65.5663
87 183.468 65.5663  183.468 65.5663
88 183.468 65.5663  183.468 65.5663
89 183.468 65.5663  183.468 65.5663
90 183.468 65.5663  183.468 65.5663
91 183.468 65.5663  183.468 65.5663
92 183.468 65.5663  183.468 65.5663
93 183.468 65.5663  183.468 65.5663
94 183.468 65.5663  183.468 65.5663
95 183.468 65.5663  183.468 65.5663
96 183.468 65.5663  183.468 65.5663
97 183.468 65.5663  183.468 65.5663
98 183.468 65.5663  183.468 65.5663
99 183.468 65.5663  183.468 65.5663
