0 1213.39 484.662 1213.39 484.662
1 1213.39 484.662 1213.39 484.662
2 1213.39 484.662 1213.39 484.662
3 1213.39 484.662 1213.39 484.662
4 1213.39 484.662 1213.39 484.662
5 1213.39 484.662 1213.39 484.662
6 1213.39 484.662 1213.39 484.662
7 1213.39 484.662 1213.39 484.662
8 1213.39 484.662 1213.39 484.662
9 1213.39 484.662 1213.39 484.662
10 1213.39 484.662 1213.39 484.662
11 1212.34 484.452 1213.39 484.662
12 1209.82 483.609 1213.39 484.662
13 1205.6 481.924 1213.39 484.662
14 1194.65 480.031 1213.39 484.662
15 1175.92 474.983 1213.39 484.662
16 1154.21 468.019 1213.39 484.662
17 1121.09 455.591 1213.39 484.662
18 1070.92 439.795 1213.39 484.662
19 1015.71 416.2 1213.39 484.662
20 947.405 385.029 1213.39 484.662
21 859.535 348.745 1213.39 484.662
22 753.475 306.181 1213.39 484.662
23 637.566 261.33 1213.39 484.662
24 522.758 207.582 1213.39 484.662
25 405.373 160.18 1213.39 484.662
26 290.091 115.907 1213.39 484.662
27 201.168 80.5136 1213.39 484.662
28 121.317 47.6203 1213.39 484.662
29 51.5775 20.862 1213.39 484.662
30 0 0 1213.39 484.662
31 0 0 1213.39 484.662
32 0 0 1213.39 484.662
33 0 0 1213.39 484.662
34 0 0 1213.39 484.662
35 0 0 1213.39 484.662
36 0 0 1213.39 484.662
37 0 0 1213.39 484.662
38 0 0 1213.39 484.662
39 0 0 1213.39 484.662
40 0 0 1213.39 484.662
41 0 0 1213.39 484.662
42 0 0 1213.39 484.662
43 0 0 1213.39 484.662
44 0 0 1213.39 484.662
45 0 0 1213.39 484.662
46 0 0 1213.39 484.662
47 0 0 1213.39 484.662
48 0 0 1213.39 484.662
49 0 0 1213.39 484.662
50 0 0 1213.39 484.662
51 0 0 1213.39 484.662
52 0 0 1213.39 484.662
53 0 0 1213.39 484.662
54 0 0 1213.39 484.662
55 0 0 1213.39 484.662
56 0 0 1213.39 484.662
57 0 0 1213.39 484.662
58 0 0 1213.39 484.662
59 0 0 1213.39 484.662
60 0 0 1213.39 484.662
61 0 0 1213.39 484.662
62 0 0 1213.39 484.662
63 0 0 1213.39 484.662
64 0 0 1213.39 484.662
65 0 0 1213.39 484.662
66 0 0 1213.39 484.662
67 0 0 1213.39 484.662
68 0 0 1213.39 484.662
69 0 0 1213.39 484.662
70 0 0 1213.39 484.662
71 0 0 1213.39 484.662
72 0 0 1213.39 484.662
73 0 0 1213.39 484.662
74 0 0 1213.39 484.662
75 0 0 1213.39 484.662
76 0 0 1213.39 484.662
77 0 0 1213.39 484.662
78 0 0 1213.39 484.662
79 0 0 1213.39 484.662
80 0 0 1213.39 484.662
81 0 0 1213.39 484.662
82 0 0 1213.39 484.662
83 0 0 1213.39 484.662
84 0 0 1213.39 484.662
85 0 0 1213.39 484.662
86 0 0 1213.39 484.662
87 0 0 1213.39 484.662
88 0 0 1213.39 484.662
89 0 0 1213.39 484.662
90 0 0 1213.39 484.662
91 0 0 1213.39 484.662
92 0 0 1213.39 484.662
93 0 0 1213.39 484.662
94 0 0 1213.39 484.662
95 0 0 1213.39 484.662
96 0 0 1213.39 484.662
97 0 0 1213.39 484.662
98 0 0 1213.39 484.662
99 0 0 1213.39 484.662
