0 183.468 65.5663 183.468 65.5663
1 183.468 65.5663 183.468 65.5663
2 183.468 65.5663 183.468 65.5663
3 183.468 65.5663 183.468 65.5663
4 183.468 65.5663 183.468 65.5663
5 183.468 65.5663 183.468 65.5663
6 183.468 65.5663 183.468 65.5663
7 183.468 65.5663 183.468 65.5663
8 183.468 65.5663 183.468 65.5663
9 183.468 65.5663 183.468 65.5663
10 183.468 65.5663 183.468 65.5663
11 183.04 65.5663 183.468 65.5663
12 182.614 65.3533 183.468 65.5663
13 182.614 65.3533 183.468 65.5663
14 181.541 64.9249 183.468 65.5663
15 179.837 64.4998 183.468 65.5663
16 177.694 63.8599 183.468 65.5663
17 175.341 62.7913 183.468 65.5663
18 170.205 61.7236 183.468 65.5663
19 166.563 59.3735 183.468 65.5663
20 160.801 56.8107 183.468 65.5663
21 153.967 55.53 183.468 65.5663
22 145.209 53.8205 183.468 65.5663
23 135.39 50.8254 183.468 65.5663
24 125.768 45.2765 183.468 65.5663
25 111.262 41.2136 183.468 65.5663
26 93.3073 35.4473 183.468 65.5663
27 74.1091 28.8191 183.468 65.5663
28 52.1031 21.1314 183.468 65.5663
29 25.2053 11.7421 183.468 65.5663
30 0 0 183.468 65.5663
31 0 0 183.468 65.5663
32 0 0 183.468 65.5663
33 0 0 183.468 65.5663
34 0 0 183.468 65.5663
35 0 0 183.468 65.5663
36 0 0 183.468 65.5663
37 0 0 183.468 65.5663
38 0 0 183.468 65.5663
39 0 0 183.468 65.5663
40 0 0 183.468 65.5663
41 0 0 183.468 65.5663
42 0 0 183.468 65.5663
43 0 0 183.468 65.5663
44 0 0 183.468 65.5663
45 0 0 183.468 65.5663
46 0 0 183.468 65.5663
47 0 0 183.468 65.5663
48 0 0 183.468 65.5663
49 0 0 183.468 65.5663
50 0 0 183.468 65.5663
51 0 0 183.468 65.5663
52 0 0 183.468 65.5663
53 0 0 183.468 65.5663
54 0 0 183.468 65.5663
55 0 0 183.468 65.5663
56 0 0 183.468 65.5663
57 0 0 183.468 65.5663
58 0 0 183.468 65.5663
59 0 0 183.468 65.5663
60 0 0 183.468 65.5663
61 0 0 183.468 65.5663
62 0 0 183.468 65.5663
63 0 0 183.468 65.5663
64 0 0 183.468 65.5663
65 0 0 183.468 65.5663
66 0 0 183.468 65.5663
67 0 0 183.468 65.5663
68 0 0 183.468 65.5663
69 0 0 183.468 65.5663
70 0 0 183.468 65.5663
71 0 0 183.468 65.5663
72 0 0 183.468 65.5663
73 0 0 183.468 65.5663
74 0 0 183.468 65.5663
75 0 0 183.468 65.5663
76 0 0 183.468 65.5663
77 0 0 183.468 65.5663
78 0 0 183.468 65.5663
79 0 0 183.468 65.5663
80 0 0 183.468 65.5663
81 0 0 183.468 65.5663
82 0 0 183.468 65.5663
83 0 0 183.468 65.5663
84 0 0 183.468 65.5663
85 0 0 183.468 65.5663
86 0 0 183.468 65.5663
87 0 0 183.468 65.5663
88 0 0 183.468 65.5663
89 0 0 183.468 65.5663
90 0 0 183.468 65.5663
91 0 0 183.468 65.5663
92 0 0 183.468 65.5663
93 0 0 183.468 65.5663
94 0 0 183.468 65.5663
95 0 0 183.468 65.5663
96 0 0 183.468 65.5663
97 0 0 183.468 65.5663
98 0 0 183.468 65.5663
99 0 0 183.468 65.5663
