0 0 0  1260.39 505.374
1 0 0  1260.39 505.374
2 0 0  1260.39 505.374
3 0 0  1260.39 505.374
4 0 0  1260.39 505.374
5 0 0  1260.39 505.374
6 0 0  1260.39 505.374
7 0 0  1260.39 505.374
8 0 0  1260.39 505.374
9 0 0  1260.39 505.374
10 0 0  1260.39 505.374
11 0.891539 0  1260.39 505.374
12 3.56909 1.19103  1260.39 505.374
13 13.0937 4.76743  1260.39 505.374
14 27.9629 11.0046  1260.39 505.374
15 58.8937 18.1184  1260.39 505.374
16 102.57 37.4612  1260.39 505.374
17 173.005 64.2622  1260.39 505.374
18 251.517 92.8041  1260.39 505.374
19 351.364 130.232  1260.39 505.374
20 455.401 170.676  1260.39 505.374
21 565.094 211.679  1260.39 505.374
22 665.823 250.288  1260.39 505.374
23 759.174 291.611  1260.39 505.374
24 856.647 331.724  1260.39 505.374
25 948.214 368.009  1260.39 505.374
26 1024.95 402.209  1260.39 505.374
27 1095.66 433.097  1260.39 505.374
28 1163.45 458.084  1260.39 505.374
29 1212.22 483.975  1260.39 505.374
30 1260.39 505.374  1260.39 505.374
31 1260.39 505.374  1260.39 505.374
32 1260.39 505.374  1260.39 505.374
33 1260.39 505.374  1260.39 505.374
34 1260.39 505.374  1260.39 505.374
35 1260.39 505.374  1260.39 505.374
36 1260.39 505.374  1260.39 505.374
37 1260.39 505.374  1260.39 505.374
38 1260.39 505.374  1260.39 505.374
39 1260.39 505.374  1260.39 505.374
40 1260.39 505.374  1260.39 505.374
41 1260.39 505.374  1260.39 505.374
42 1260.39 505.374  1260.39 505.374
43 1260.39 505.374  1260.39 505.374
44 1260.39 505.374  1260.39 505.374
45 1260.39 505.374  1260.39 505.374
46 1260.39 505.374  1260.39 505.374
47 1260.39 505.374  1260.39 505.374
48 1260.39 505.374  1260.39 505.374
49 1260.39 505.374  1260.39 505.374
50 1260.39 505.374  1260.39 505.374
51 1260.39 505.374  1260.39 505.374
52 1260.39 505.374  1260.39 505.374
53 1260.39 505.374  1260.39 505.374
54 1260.39 505.374  1260.39 505.374
55 1260.39 505.374  1260.39 505.374
56 1260.39 505.374  1260.39 505.374
57 1260.39 505.374  1260.39 505.374
58 1260.39 505.374  1260.39 505.374
59 1260.39 505.374  1260.39 505.374
60 1260.39 505.374  1260.39 505.374
61 1260.39 505.374  1260.39 505.374
62 1260.39 505.374  1260.39 505.374
63 1260.39 505.374  1260.39 505.374
64 1260.39 505.374  1260.39 505.374
65 1260.39 505.374  1260.39 505.374
66 1260.39 505.374  1260.39 505.374
67 1260.39 505.374  1260.39 505.374
68 1260.39 505.374  1260.39 505.374
69 1260.39 505.374  1260.39 505.374
70 1260.39 505.374  1260.39 505.374
71 1260.39 505.374  1260.39 505.374
72 1260.39 505.374  1260.39 505.374
73 1260.39 505.374  1260.39 505.374
74 1260.39 505.374  1260.39 505.374
75 1260.39 505.374  1260.39 505.374
76 1260.39 505.374  1260.39 505.374
77 1260.39 505.374  1260.39 505.374
78 1260.39 505.374  1260.39 505.374
79 1260.39 505.374  1260.39 505.374
80 1260.39 505.374  1260.39 505.374
81 1260.39 505.374  1260.39 505.374
82 1260.39 505.374  1260.39 505.374
83 1260.39 505.374  1260.39 505.374
84 1260.39 505.374  1260.39 505.374
85 1260.39 505.374  1260.39 505.374
86 1260.39 505.374  1260.39 505.374
87 1260.39 505.374  1260.39 505.374
88 1260.39 505.374  1260.39 505.374
89 1260.39 505.374  1260.39 505.374
90 1260.39 505.374  1260.39 505.374
91 1260.39 505.374  1260.39 505.374
92 1260.39 505.374  1260.39 505.374
93 1260.39 505.374  1260.39 505.374
94 1260.39 505.374  1260.39 505.374
95 1260.39 505.374  1260.39 505.374
96 1260.39 505.374  1260.39 505.374
97 1260.39 505.374  1260.39 505.374
98 1260.39 505.374  1260.39 505.374
99 1260.39 505.374  1260.39 505.374
