0 0 0  187.182 72.0335
1 0 0  187.182 72.0335
2 0 0  187.182 72.0335
3 0 0  187.182 72.0335
4 0 0  187.182 72.0335
5 0 0  187.182 72.0335
6 0 0  187.182 72.0335
7 0 0  187.182 72.0335
8 0 0  187.182 72.0335
9 0 0  187.182 72.0335
10 0 0  187.182 72.0335
11 0 0  187.182 72.0335
12 0.632792 0  187.182 72.0335
13 1.05438 0  187.182 72.0335
14 2.10696 0.630943  187.182 72.0335
15 2.95244 1.47573  187.182 72.0335
16 4.42421 2.10418  187.182 72.0335
17 7.58162 2.31424  187.182 72.0335
18 9.68431 2.9465  187.182 72.0335
19 15.3632 5.26473  187.182 72.0335
20 22.7369 7.58347  187.182 72.0335
21 29.4847 9.68593  187.182 72.0335
22 40.0048 13.8953  187.182 72.0335
23 50.9484 17.0556  187.182 72.0335
24 63.5734 22.7482  187.182 72.0335
25 79.7944 29.0657  187.182 72.0335
26 97.4741 33.7025  187.182 72.0335
27 115.37 40.2265  187.182 72.0335
28 135.812 50.1258  187.182 72.0335
29 157.075 60.0251  187.182 72.0335
30 187.182 72.0335  187.182 72.0335
31 187.182 72.0335  187.182 72.0335
32 187.182 72.0335  187.182 72.0335
33 187.182 72.0335  187.182 72.0335
34 187.182 72.0335  187.182 72.0335
35 187.182 72.0335  187.182 72.0335
36 187.182 72.0335  187.182 72.0335
37 187.182 72.0335  187.182 72.0335
38 187.182 72.0335  187.182 72.0335
39 187.182 72.0335  187.182 72.0335
40 187.182 72.0335  187.182 72.0335
41 187.182 72.0335  187.182 72.0335
42 187.182 72.0335  187.182 72.0335
43 187.182 72.0335  187.182 72.0335
44 187.182 72.0335  187.182 72.0335
45 187.182 72.0335  187.182 72.0335
46 187.182 72.0335  187.182 72.0335
47 187.182 72.0335  187.182 72.0335
48 187.182 72.0335  187.182 72.0335
49 187.182 72.0335  187.182 72.0335
50 187.182 72.0335  187.182 72.0335
51 187.182 72.0335  187.182 72.0335
52 187.182 72.0335  187.182 72.0335
53 187.182 72.0335  187.182 72.0335
54 187.182 72.0335  187.182 72.0335
55 187.182 72.0335  187.182 72.0335
56 187.182 72.0335  187.182 72.0335
57 187.182 72.0335  187.182 72.0335
58 187.182 72.0335  187.182 72.0335
59 187.182 72.0335  187.182 72.0335
60 187.182 72.0335  187.182 72.0335
61 187.182 72.0335  187.182 72.0335
62 187.182 72.0335  187.182 72.0335
63 187.182 72.0335  187.182 72.0335
64 187.182 72.0335  187.182 72.0335
65 187.182 72.0335  187.182 72.0335
66 187.182 72.0335  187.182 72.0335
67 187.182 72.0335  187.182 72.0335
68 187.182 72.0335  187.182 72.0335
69 187.182 72.0335  187.182 72.0335
70 187.182 72.0335  187.182 72.0335
71 187.182 72.0335  187.182 72.0335
72 187.182 72.0335  187.182 72.0335
73 187.182 72.0335  187.182 72.0335
74 187.182 72.0335  187.182 72.0335
75 187.182 72.0335  187.182 72.0335
76 187.182 72.0335  187.182 72.0335
77 187.182 72.0335  187.182 72.0335
78 187.182 72.0335  187.182 72.0335
79 187.182 72.0335  187.182 72.0335
80 187.182 72.0335  187.182 72.0335
81 187.182 72.0335  187.182 72.0335
82 187.182 72.0335  187.182 72.0335
83 187.182 72.0335  187.182 72.0335
84 187.182 72.0335  187.182 72.0335
85 187.182 72.0335  187.182 72.0335
86 187.182 72.0335  187.182 72.0335
87 187.182 72.0335  187.182 72.0335
88 187.182 72.0335  187.182 72.0335
89 187.182 72.0335  187.182 72.0335
90 187.182 72.0335  187.182 72.0335
91 187.182 72.0335  187.182 72.0335
92 187.182 72.0335  187.182 72.0335
93 187.182 72.0335  187.182 72.0335
94 187.182 72.0335  187.182 72.0335
95 187.182 72.0335  187.182 72.0335
96 187.182 72.0335  187.182 72.0335
97 187.182 72.0335  187.182 72.0335
98 187.182 72.0335  187.182 72.0335
99 187.182 72.0335  187.182 72.0335
