0 0 0  205.625 77.3256
1 0 0  205.625 77.3256
2 0 0  205.625 77.3256
3 0 0  205.625 77.3256
4 0 0  205.625 77.3256
5 0 0  205.625 77.3256
6 0 0  205.625 77.3256
7 0 0  205.625 77.3256
8 0 0  205.625 77.3256
9 0 0  205.625 77.3256
10 0 0  205.625 77.3256
11 0 0  205.625 77.3256
12 0.210096 0  205.625 77.3256
13 1.4717 0.210003  205.625 77.3256
14 2.52559 0.840044  205.625 77.3256
15 3.77926 2.52893  205.625 77.3256
16 6.5078 3.15403  205.625 77.3256
17 8.82076 3.57351  205.625 77.3256
18 13.2348 5.25507  205.625 77.3256
19 17.64 6.72408  205.625 77.3256
20 22.6831 8.81877  205.625 77.3256
21 31.305 10.9149  205.625 77.3256
22 39.9159 15.7502  205.625 77.3256
23 50.2039 19.3326  205.625 77.3256
24 65.5301 24.3656  205.625 77.3256
25 85.4742 30.0312  205.625 77.3256
26 100.61 36.9662  205.625 77.3256
27 120.136 43.2644  205.625 77.3256
28 145.122 54.1929  205.625 77.3256
29 172.234 63.8789  205.625 77.3256
30 205.625 77.3256  205.625 77.3256
31 205.625 77.3256  205.625 77.3256
32 205.625 77.3256  205.625 77.3256
33 205.625 77.3256  205.625 77.3256
34 205.625 77.3256  205.625 77.3256
35 205.625 77.3256  205.625 77.3256
36 205.625 77.3256  205.625 77.3256
37 205.625 77.3256  205.625 77.3256
38 205.625 77.3256  205.625 77.3256
39 205.625 77.3256  205.625 77.3256
40 205.625 77.3256  205.625 77.3256
41 205.625 77.3256  205.625 77.3256
42 205.625 77.3256  205.625 77.3256
43 205.625 77.3256  205.625 77.3256
44 205.625 77.3256  205.625 77.3256
45 205.625 77.3256  205.625 77.3256
46 205.625 77.3256  205.625 77.3256
47 205.625 77.3256  205.625 77.3256
48 205.625 77.3256  205.625 77.3256
49 205.625 77.3256  205.625 77.3256
50 205.625 77.3256  205.625 77.3256
51 205.625 77.3256  205.625 77.3256
52 205.625 77.3256  205.625 77.3256
53 205.625 77.3256  205.625 77.3256
54 205.625 77.3256  205.625 77.3256
55 205.625 77.3256  205.625 77.3256
56 205.625 77.3256  205.625 77.3256
57 205.625 77.3256  205.625 77.3256
58 205.625 77.3256  205.625 77.3256
59 205.625 77.3256  205.625 77.3256
60 205.625 77.3256  205.625 77.3256
61 205.625 77.3256  205.625 77.3256
62 205.625 77.3256  205.625 77.3256
63 205.625 77.3256  205.625 77.3256
64 205.625 77.3256  205.625 77.3256
65 205.625 77.3256  205.625 77.3256
66 205.625 77.3256  205.625 77.3256
67 205.625 77.3256  205.625 77.3256
68 205.625 77.3256  205.625 77.3256
69 205.625 77.3256  205.625 77.3256
70 205.625 77.3256  205.625 77.3256
71 205.625 77.3256  205.625 77.3256
72 205.625 77.3256  205.625 77.3256
73 205.625 77.3256  205.625 77.3256
74 205.625 77.3256  205.625 77.3256
75 205.625 77.3256  205.625 77.3256
76 205.625 77.3256  205.625 77.3256
77 205.625 77.3256  205.625 77.3256
78 205.625 77.3256  205.625 77.3256
79 205.625 77.3256  205.625 77.3256
80 205.625 77.3256  205.625 77.3256
81 205.625 77.3256  205.625 77.3256
82 205.625 77.3256  205.625 77.3256
83 205.625 77.3256  205.625 77.3256
84 205.625 77.3256  205.625 77.3256
85 205.625 77.3256  205.625 77.3256
86 205.625 77.3256  205.625 77.3256
87 205.625 77.3256  205.625 77.3256
88 205.625 77.3256  205.625 77.3256
89 205.625 77.3256  205.625 77.3256
90 205.625 77.3256  205.625 77.3256
91 205.625 77.3256  205.625 77.3256
92 205.625 77.3256  205.625 77.3256
93 205.625 77.3256  205.625 77.3256
94 205.625 77.3256  205.625 77.3256
95 205.625 77.3256  205.625 77.3256
96 205.625 77.3256  205.625 77.3256
97 205.625 77.3256  205.625 77.3256
98 205.625 77.3256  205.625 77.3256
99 205.625 77.3256  205.625 77.3256
