0 5.19624 2.0785 5.19624 2.0785
1 5.19624 2.0785 5.19624 2.0785
2 5.19624 2.0785 5.19624 2.0785
3 5.19624 2.0785 5.19624 2.0785
4 5.19624 2.0785 5.19624 2.0785
5 5.19624 2.0785 5.19624 2.0785
6 5.19624 2.0785 5.19624 2.0785
7 5.19624 2.0785 5.19624 2.0785
8 5.19624 2.0785 5.19624 2.0785
9 5.19624 2.0785 5.19624 2.0785
10 5.19624 2.0785 5.19624 2.0785
11 5.19624 2.0785 5.19624 2.0785
12 5.19624 2.0785 5.19624 2.0785
13 5.19624 2.0785 5.19624 2.0785
14 5.19624 2.0785 5.19624 2.0785
15 5.19624 1.81869 5.19624 2.0785
16 5.19624 1.81869 5.19624 2.0785
17 4.67662 1.81869 5.19624 2.0785
18 4.67662 1.81869 5.19624 2.0785
19 4.67662 1.81869 5.19624 2.0785
20 4.41681 1.81869 5.19624 2.0785
21 4.41681 1.81869 5.19624 2.0785
22 4.157 1.81869 5.19624 2.0785
23 3.37756 1.81869 5.19624 2.0785
24 2.85793 1.81869 5.19624 2.0785
25 2.85793 1.55887 5.19624 2.0785
26 2.0785 1.29906 5.19624 2.0785
27 1.55887 1.29906 5.19624 2.0785
28 0.779437 0.779437 5.19624 2.0785
29 0.259812 0 5.19624 2.0785
30 0 0 5.19624 2.0785
31 0 0 5.19624 2.0785
32 0 0 5.19624 2.0785
33 0 0 5.19624 2.0785
34 0 0 5.19624 2.0785
35 0 0 5.19624 2.0785
36 0 0 5.19624 2.0785
37 0 0 5.19624 2.0785
38 0 0 5.19624 2.0785
39 0 0 5.19624 2.0785
40 0 0 5.19624 2.0785
41 0 0 5.19624 2.0785
42 0 0 5.19624 2.0785
43 0 0 5.19624 2.0785
44 0 0 5.19624 2.0785
45 0 0 5.19624 2.0785
46 0 0 5.19624 2.0785
47 0 0 5.19624 2.0785
48 0 0 5.19624 2.0785
49 0 0 5.19624 2.0785
50 0 0 5.19624 2.0785
51 0 0 5.19624 2.0785
52 0 0 5.19624 2.0785
53 0 0 5.19624 2.0785
54 0 0 5.19624 2.0785
55 0 0 5.19624 2.0785
56 0 0 5.19624 2.0785
57 0 0 5.19624 2.0785
58 0 0 5.19624 2.0785
59 0 0 5.19624 2.0785
60 0 0 5.19624 2.0785
61 0 0 5.19624 2.0785
62 0 0 5.19624 2.0785
63 0 0 5.19624 2.0785
64 0 0 5.19624 2.0785
65 0 0 5.19624 2.0785
66 0 0 5.19624 2.0785
67 0 0 5.19624 2.0785
68 0 0 5.19624 2.0785
69 0 0 5.19624 2.0785
70 0 0 5.19624 2.0785
71 0 0 5.19624 2.0785
72 0 0 5.19624 2.0785
73 0 0 5.19624 2.0785
74 0 0 5.19624 2.0785
75 0 0 5.19624 2.0785
76 0 0 5.19624 2.0785
77 0 0 5.19624 2.0785
78 0 0 5.19624 2.0785
79 0 0 5.19624 2.0785
80 0 0 5.19624 2.0785
81 0 0 5.19624 2.0785
82 0 0 5.19624 2.0785
83 0 0 5.19624 2.0785
84 0 0 5.19624 2.0785
85 0 0 5.19624 2.0785
86 0 0 5.19624 2.0785
87 0 0 5.19624 2.0785
88 0 0 5.19624 2.0785
89 0 0 5.19624 2.0785
90 0 0 5.19624 2.0785
91 0 0 5.19624 2.0785
92 0 0 5.19624 2.0785
93 0 0 5.19624 2.0785
94 0 0 5.19624 2.0785
95 0 0 5.19624 2.0785
96 0 0 5.19624 2.0785
97 0 0 5.19624 2.0785
98 0 0 5.19624 2.0785
99 0 0 5.19624 2.0785
