0 760.751 3.90129 760.751 3.90129
1 760.751 3.90129 760.751 3.90129
2 760.751 3.90129 760.751 3.90129
3 760.751 3.90129 760.751 3.90129
4 760.751 3.90129 760.751 3.90129
5 760.751 3.90129 760.751 3.90129
6 760.751 3.90129 760.751 3.90129
7 760.751 3.90129 760.751 3.90129
8 760.751 3.90129 760.751 3.90129
9 760.751 3.90129 760.751 3.90129
10 760.751 3.90129 760.751 3.90129
11 760.751 3.90129 760.751 3.90129
12 752.949 3.90129 760.751 3.90129
13 721.738 3.90129 760.751 3.90129
14 688.577 3.90129 760.751 3.90129
15 641.762 3.90129 760.751 3.90129
16 589.095 3.90129 760.751 3.90129
17 550.082 3.90129 760.751 3.90129
18 499.365 3.90129 760.751 3.90129
19 423.29 3.90129 760.751 3.90129
20 372.573 3.90129 760.751 3.90129
21 321.856 3.90129 760.751 3.90129
22 273.09 3.90129 760.751 3.90129
23 218.472 3.90129 760.751 3.90129
24 169.706 1.95064 760.751 3.90129
25 140.446 0 760.751 3.90129
26 107.285 0 760.751 3.90129
27 64.3713 0 760.751 3.90129
28 46.8155 0 760.751 3.90129
29 25.3584 0 760.751 3.90129
30 0 0 760.751 3.90129
31 0 0 760.751 3.90129
32 0 0 760.751 3.90129
33 0 0 760.751 3.90129
34 0 0 760.751 3.90129
35 0 0 760.751 3.90129
36 0 0 760.751 3.90129
37 0 0 760.751 3.90129
38 0 0 760.751 3.90129
39 0 0 760.751 3.90129
40 0 0 760.751 3.90129
41 0 0 760.751 3.90129
42 0 0 760.751 3.90129
43 0 0 760.751 3.90129
44 0 0 760.751 3.90129
45 0 0 760.751 3.90129
46 0 0 760.751 3.90129
47 0 0 760.751 3.90129
48 0 0 760.751 3.90129
49 0 0 760.751 3.90129
50 0 0 760.751 3.90129
51 0 0 760.751 3.90129
52 0 0 760.751 3.90129
53 0 0 760.751 3.90129
54 0 0 760.751 3.90129
55 0 0 760.751 3.90129
56 0 0 760.751 3.90129
57 0 0 760.751 3.90129
58 0 0 760.751 3.90129
59 0 0 760.751 3.90129
60 0 0 760.751 3.90129
61 0 0 760.751 3.90129
62 0 0 760.751 3.90129
63 0 0 760.751 3.90129
64 0 0 760.751 3.90129
65 0 0 760.751 3.90129
66 0 0 760.751 3.90129
67 0 0 760.751 3.90129
68 0 0 760.751 3.90129
69 0 0 760.751 3.90129
70 0 0 760.751 3.90129
71 0 0 760.751 3.90129
72 0 0 760.751 3.90129
73 0 0 760.751 3.90129
74 0 0 760.751 3.90129
75 0 0 760.751 3.90129
76 0 0 760.751 3.90129
77 0 0 760.751 3.90129
78 0 0 760.751 3.90129
79 0 0 760.751 3.90129
80 0 0 760.751 3.90129
81 0 0 760.751 3.90129
82 0 0 760.751 3.90129
83 0 0 760.751 3.90129
84 0 0 760.751 3.90129
85 0 0 760.751 3.90129
86 0 0 760.751 3.90129
87 0 0 760.751 3.90129
88 0 0 760.751 3.90129
89 0 0 760.751 3.90129
90 0 0 760.751 3.90129
91 0 0 760.751 3.90129
92 0 0 760.751 3.90129
93 0 0 760.751 3.90129
94 0 0 760.751 3.90129
95 0 0 760.751 3.90129
96 0 0 760.751 3.90129
97 0 0 760.751 3.90129
98 0 0 760.751 3.90129
99 0 0 760.751 3.90129
