0 0 0  224.967 1.7037
1 0 0  224.967 1.7037
2 0 0  224.967 1.7037
3 0 0  224.967 1.7037
4 0 0  224.967 1.7037
5 0 0  224.967 1.7037
6 0 0  224.967 1.7037
7 0 0  224.967 1.7037
8 0 0  224.967 1.7037
9 0 0  224.967 1.7037
10 0 0  224.967 1.7037
11 0.596688 0.00785116  224.967 1.7037
12 3.07765 0.0157023  224.967 1.7037
13 7.54496 0.0235535  224.967 1.7037
14 14.5403 0.0392558  224.967 1.7037
15 24.001 0.0471069  224.967 1.7037
16 35.7542 0.125619  224.967 1.7037
17 49.3131 0.172725  224.967 1.7037
18 63.0997 0.235535  224.967 1.7037
19 77.7971 0.290493  224.967 1.7037
20 92.4003 0.376856  224.967 1.7037
21 106.917 0.423962  224.967 1.7037
22 122.274 0.510325  224.967 1.7037
23 136.681 0.683051  224.967 1.7037
24 149.8 0.792967  224.967 1.7037
25 161.891 0.918585  224.967 1.7037
26 173.974 1.02065  224.967 1.7037
27 186.803 1.16197  224.967 1.7037
28 199.364 1.31114  224.967 1.7037
29 211.95 1.47602  224.967 1.7037
30 224.967 1.7037  224.967 1.7037
31 224.967 1.7037  224.967 1.7037
32 224.967 1.7037  224.967 1.7037
33 224.967 1.7037  224.967 1.7037
34 224.967 1.7037  224.967 1.7037
35 224.967 1.7037  224.967 1.7037
36 224.967 1.7037  224.967 1.7037
37 224.967 1.7037  224.967 1.7037
38 224.967 1.7037  224.967 1.7037
39 224.967 1.7037  224.967 1.7037
40 224.967 1.7037  224.967 1.7037
41 224.967 1.7037  224.967 1.7037
42 224.967 1.7037  224.967 1.7037
43 224.967 1.7037  224.967 1.7037
44 224.967 1.7037  224.967 1.7037
45 224.967 1.7037  224.967 1.7037
46 224.967 1.7037  224.967 1.7037
47 224.967 1.7037  224.967 1.7037
48 224.967 1.7037  224.967 1.7037
49 224.967 1.7037  224.967 1.7037
50 224.967 1.7037  224.967 1.7037
51 224.967 1.7037  224.967 1.7037
52 224.967 1.7037  224.967 1.7037
53 224.967 1.7037  224.967 1.7037
54 224.967 1.7037  224.967 1.7037
55 224.967 1.7037  224.967 1.7037
56 224.967 1.7037  224.967 1.7037
57 224.967 1.7037  224.967 1.7037
58 224.967 1.7037  224.967 1.7037
59 224.967 1.7037  224.967 1.7037
60 224.967 1.7037  224.967 1.7037
61 224.967 1.7037  224.967 1.7037
62 224.967 1.7037  224.967 1.7037
63 224.967 1.7037  224.967 1.7037
64 224.967 1.7037  224.967 1.7037
65 224.967 1.7037  224.967 1.7037
66 224.967 1.7037  224.967 1.7037
67 224.967 1.7037  224.967 1.7037
68 224.967 1.7037  224.967 1.7037
69 224.967 1.7037  224.967 1.7037
70 224.967 1.7037  224.967 1.7037
71 224.967 1.7037  224.967 1.7037
72 224.967 1.7037  224.967 1.7037
73 224.967 1.7037  224.967 1.7037
74 224.967 1.7037  224.967 1.7037
75 224.967 1.7037  224.967 1.7037
76 224.967 1.7037  224.967 1.7037
77 224.967 1.7037  224.967 1.7037
78 224.967 1.7037  224.967 1.7037
79 224.967 1.7037  224.967 1.7037
80 224.967 1.7037  224.967 1.7037
81 224.967 1.7037  224.967 1.7037
82 224.967 1.7037  224.967 1.7037
83 224.967 1.7037  224.967 1.7037
84 224.967 1.7037  224.967 1.7037
85 224.967 1.7037  224.967 1.7037
86 224.967 1.7037  224.967 1.7037
87 224.967 1.7037  224.967 1.7037
88 224.967 1.7037  224.967 1.7037
89 224.967 1.7037  224.967 1.7037
90 224.967 1.7037  224.967 1.7037
91 224.967 1.7037  224.967 1.7037
92 224.967 1.7037  224.967 1.7037
93 224.967 1.7037  224.967 1.7037
94 224.967 1.7037  224.967 1.7037
95 224.967 1.7037  224.967 1.7037
96 224.967 1.7037  224.967 1.7037
97 224.967 1.7037  224.967 1.7037
98 224.967 1.7037  224.967 1.7037
99 224.967 1.7037  224.967 1.7037
