0 1026.74 0 1026.74 0
1 1026.74 0 1026.74 0
2 1026.74 0 1026.74 0
3 1026.74 0 1026.74 0
4 1026.74 0 1026.74 0
5 1026.74 0 1026.74 0
6 1026.74 0 1026.74 0
7 1026.74 0 1026.74 0
8 1026.74 0 1026.74 0
9 1026.74 0 1026.74 0
10 1026.74 0 1026.74 0
11 1026.74 0 1026.74 0
12 1026.74 0 1026.74 0
13 924.064 0 1026.74 0
14 821.39 0 1026.74 0
15 821.39 0 1026.74 0
16 821.39 0 1026.74 0
17 821.39 0 1026.74 0
18 718.716 0 1026.74 0
19 718.716 0 1026.74 0
20 616.043 0 1026.74 0
21 513.369 0 1026.74 0
22 410.695 0 1026.74 0
23 410.695 0 1026.74 0
24 308.021 0 1026.74 0
25 205.348 0 1026.74 0
26 205.348 0 1026.74 0
27 102.674 0 1026.74 0
28 0 0 1026.74 0
29 0 0 1026.74 0
30 0 0 1026.74 0
31 0 0 1026.74 0
32 0 0 1026.74 0
33 0 0 1026.74 0
34 0 0 1026.74 0
35 0 0 1026.74 0
36 0 0 1026.74 0
37 0 0 1026.74 0
38 0 0 1026.74 0
39 0 0 1026.74 0
40 0 0 1026.74 0
41 0 0 1026.74 0
42 0 0 1026.74 0
43 0 0 1026.74 0
44 0 0 1026.74 0
45 0 0 1026.74 0
46 0 0 1026.74 0
47 0 0 1026.74 0
48 0 0 1026.74 0
49 0 0 1026.74 0
50 0 0 1026.74 0
51 0 0 1026.74 0
52 0 0 1026.74 0
53 0 0 1026.74 0
54 0 0 1026.74 0
55 0 0 1026.74 0
56 0 0 1026.74 0
57 0 0 1026.74 0
58 0 0 1026.74 0
59 0 0 1026.74 0
60 0 0 1026.74 0
61 0 0 1026.74 0
62 0 0 1026.74 0
63 0 0 1026.74 0
64 0 0 1026.74 0
65 0 0 1026.74 0
66 0 0 1026.74 0
67 0 0 1026.74 0
68 0 0 1026.74 0
69 0 0 1026.74 0
70 0 0 1026.74 0
71 0 0 1026.74 0
72 0 0 1026.74 0
73 0 0 1026.74 0
74 0 0 1026.74 0
75 0 0 1026.74 0
76 0 0 1026.74 0
77 0 0 1026.74 0
78 0 0 1026.74 0
79 0 0 1026.74 0
80 0 0 1026.74 0
81 0 0 1026.74 0
82 0 0 1026.74 0
83 0 0 1026.74 0
84 0 0 1026.74 0
85 0 0 1026.74 0
86 0 0 1026.74 0
87 0 0 1026.74 0
88 0 0 1026.74 0
89 0 0 1026.74 0
90 0 0 1026.74 0
91 0 0 1026.74 0
92 0 0 1026.74 0
93 0 0 1026.74 0
94 0 0 1026.74 0
95 0 0 1026.74 0
96 0 0 1026.74 0
97 0 0 1026.74 0
98 0 0 1026.74 0
99 0 0 1026.74 0
