0 0 0 1026.74 0
1 0 0 1026.74 0
2 0 0 1026.74 0
3 0 0 1026.74 0
4 0 0 1026.74 0
5 0 0 1026.74 0
6 0 0 1026.74 0
7 0 0 1026.74 0
8 0 0 1026.74 0
9 0 0 1026.74 0
10 0 0 1026.74 0
11 0 0 1026.74 0
12 0 0 1026.74 0
13 102.674 0 1026.74 0
14 205.348 0 1026.74 0
15 205.348 0 1026.74 0
16 205.348 0 1026.74 0
17 205.348 0 1026.74 0
18 308.021 0 1026.74 0
19 308.021 0 1026.74 0
20 410.695 0 1026.74 0
21 513.369 0 1026.74 0
22 616.043 0 1026.74 0
23 616.043 0 1026.74 0
24 718.716 0 1026.74 0
25 821.39 0 1026.74 0
26 821.39 0 1026.74 0
27 924.064 0 1026.74 0
28 1026.74 0 1026.74 0
29 1026.74 0 1026.74 0
30 1026.74 0 1026.74 0
31 1026.74 0 1026.74 0
32 1026.74 0 1026.74 0
33 1026.74 0 1026.74 0
34 1026.74 0 1026.74 0
35 1026.74 0 1026.74 0
36 1026.74 0 1026.74 0
37 1026.74 0 1026.74 0
38 1026.74 0 1026.74 0
39 1026.74 0 1026.74 0
40 1026.74 0 1026.74 0
41 1026.74 0 1026.74 0
42 1026.74 0 1026.74 0
43 1026.74 0 1026.74 0
44 1026.74 0 1026.74 0
45 1026.74 0 1026.74 0
46 1026.74 0 1026.74 0
47 1026.74 0 1026.74 0
48 1026.74 0 1026.74 0
49 1026.74 0 1026.74 0
50 1026.74 0 1026.74 0
51 1026.74 0 1026.74 0
52 1026.74 0 1026.74 0
53 1026.74 0 1026.74 0
54 1026.74 0 1026.74 0
55 1026.74 0 1026.74 0
56 1026.74 0 1026.74 0
57 1026.74 0 1026.74 0
58 1026.74 0 1026.74 0
59 1026.74 0 1026.74 0
60 1026.74 0 1026.74 0
61 1026.74 0 1026.74 0
62 1026.74 0 1026.74 0
63 1026.74 0 1026.74 0
64 1026.74 0 1026.74 0
65 1026.74 0 1026.74 0
66 1026.74 0 1026.74 0
67 1026.74 0 1026.74 0
68 1026.74 0 1026.74 0
69 1026.74 0 1026.74 0
70 1026.74 0 1026.74 0
71 1026.74 0 1026.74 0
72 1026.74 0 1026.74 0
73 1026.74 0 1026.74 0
74 1026.74 0 1026.74 0
75 1026.74 0 1026.74 0
76 1026.74 0 1026.74 0
77 1026.74 0 1026.74 0
78 1026.74 0 1026.74 0
79 1026.74 0 1026.74 0
80 1026.74 0 1026.74 0
81 1026.74 0 1026.74 0
82 1026.74 0 1026.74 0
83 1026.74 0 1026.74 0
84 1026.74 0 1026.74 0
85 1026.74 0 1026.74 0
86 1026.74 0 1026.74 0
87 1026.74 0 1026.74 0
88 1026.74 0 1026.74 0
89 1026.74 0 1026.74 0
90 1026.74 0 1026.74 0
91 1026.74 0 1026.74 0
92 1026.74 0 1026.74 0
93 1026.74 0 1026.74 0
94 1026.74 0 1026.74 0
95 1026.74 0 1026.74 0
96 1026.74 0 1026.74 0
97 1026.74 0 1026.74 0
98 1026.74 0 1026.74 0
99 1026.74 0 1026.74 0
