0 828.145 310.576 828.145 310.576
1 828.145 310.576 828.145 310.576
2 828.145 310.576 828.145 310.576
3 828.145 310.576 828.145 310.576
4 828.145 310.576 828.145 310.576
5 828.145 310.576 828.145 310.576
6 828.145 310.576 828.145 310.576
7 828.145 310.576 828.145 310.576
8 828.145 310.576 828.145 310.576
9 828.145 310.576 828.145 310.576
10 828.145 310.576 828.145 310.576
11 828.369 310.576 828.145 310.576
12 826.594 309.472 828.145 310.576
13 823.036 308.139 828.145 310.576
14 817.04 306.806 828.145 310.576
15 806.377 303.688 828.145 310.576
16 795.267 298.133 828.145 310.576
17 779.083 287.701 828.145 310.576
18 753.313 277.936 828.145 310.576
19 726.226 266.152 828.145 310.576
20 695.367 255.96 828.145 310.576
21 654.312 243.769 828.145 310.576
22 605.445 224.463 828.145 310.576
23 555.512 204.513 828.145 310.576
24 488.866 181.851 828.145 310.576
25 419.177 156.108 828.145 310.576
26 350.161 127.69 828.145 310.576
27 271.565 95.9286 828.145 310.576
28 172.782 67.2841 828.145 310.576
29 79.5036 36.1816 828.145 310.576
30 0 0 828.145 310.576
31 0 0 828.145 310.576
32 0 0 828.145 310.576
33 0 0 828.145 310.576
34 0 0 828.145 310.576
35 0 0 828.145 310.576
36 0 0 828.145 310.576
37 0 0 828.145 310.576
38 0 0 828.145 310.576
39 0 0 828.145 310.576
40 0 0 828.145 310.576
41 0 0 828.145 310.576
42 0 0 828.145 310.576
43 0 0 828.145 310.576
44 0 0 828.145 310.576
45 0 0 828.145 310.576
46 0 0 828.145 310.576
47 0 0 828.145 310.576
48 0 0 828.145 310.576
49 0 0 828.145 310.576
50 0 0 828.145 310.576
51 0 0 828.145 310.576
52 0 0 828.145 310.576
53 0 0 828.145 310.576
54 0 0 828.145 310.576
55 0 0 828.145 310.576
56 0 0 828.145 310.576
57 0 0 828.145 310.576
58 0 0 828.145 310.576
59 0 0 828.145 310.576
60 0 0 828.145 310.576
61 0 0 828.145 310.576
62 0 0 828.145 310.576
63 0 0 828.145 310.576
64 0 0 828.145 310.576
65 0 0 828.145 310.576
66 0 0 828.145 310.576
67 0 0 828.145 310.576
68 0 0 828.145 310.576
69 0 0 828.145 310.576
70 0 0 828.145 310.576
71 0 0 828.145 310.576
72 0 0 828.145 310.576
73 0 0 828.145 310.576
74 0 0 828.145 310.576
75 0 0 828.145 310.576
76 0 0 828.145 310.576
77 0 0 828.145 310.576
78 0 0 828.145 310.576
79 0 0 828.145 310.576
80 0 0 828.145 310.576
81 0 0 828.145 310.576
82 0 0 828.145 310.576
83 0 0 828.145 310.576
84 0 0 828.145 310.576
85 0 0 828.145 310.576
86 0 0 828.145 310.576
87 0 0 828.145 310.576
88 0 0 828.145 310.576
89 0 0 828.145 310.576
90 0 0 828.145 310.576
91 0 0 828.145 310.576
92 0 0 828.145 310.576
93 0 0 828.145 310.576
94 0 0 828.145 310.576
95 0 0 828.145 310.576
96 0 0 828.145 310.576
97 0 0 828.145 310.576
98 0 0 828.145 310.576
99 0 0 828.145 310.576
