0 262.661 101.874 262.661 101.874
1 262.661 101.874 262.661 101.874
2 262.661 101.874 262.661 101.874
3 262.661 101.874 262.661 101.874
4 262.661 101.874 262.661 101.874
5 262.661 101.874 262.661 101.874
6 262.661 101.874 262.661 101.874
7 262.661 101.874 262.661 101.874
8 262.661 101.874 262.661 101.874
9 262.661 101.874 262.661 101.874
10 262.661 101.874 262.661 101.874
11 262.259 101.874 262.661 101.874
12 262.059 101.674 262.661 101.874
13 261.058 101.273 262.661 101.874
14 259.053 101.273 262.661 101.874
15 255.64 100.672 262.661 101.874
16 252.021 99.264 262.661 101.874
17 247.606 98.6623 262.661 101.874
18 242.393 96.2531 262.661 101.874
19 237.572 91.8381 262.661 101.874
20 230.347 89.027 262.661 101.874
21 220.096 84.8116 262.661 101.874
22 209.195 78.3904 262.661 101.874
23 195.941 71.5644 262.661 101.874
24 176.867 64.5324 262.661 101.874
25 157.817 55.8952 262.661 101.874
26 136.14 47.0736 262.661 101.874
27 109.478 36.0307 262.661 101.874
28 77.2155 25.4916 262.661 101.874
29 39.6742 10.4383 262.661 101.874
30 0 0 262.661 101.874
31 0 0 262.661 101.874
32 0 0 262.661 101.874
33 0 0 262.661 101.874
34 0 0 262.661 101.874
35 0 0 262.661 101.874
36 0 0 262.661 101.874
37 0 0 262.661 101.874
38 0 0 262.661 101.874
39 0 0 262.661 101.874
40 0 0 262.661 101.874
41 0 0 262.661 101.874
42 0 0 262.661 101.874
43 0 0 262.661 101.874
44 0 0 262.661 101.874
45 0 0 262.661 101.874
46 0 0 262.661 101.874
47 0 0 262.661 101.874
48 0 0 262.661 101.874
49 0 0 262.661 101.874
50 0 0 262.661 101.874
51 0 0 262.661 101.874
52 0 0 262.661 101.874
53 0 0 262.661 101.874
54 0 0 262.661 101.874
55 0 0 262.661 101.874
56 0 0 262.661 101.874
57 0 0 262.661 101.874
58 0 0 262.661 101.874
59 0 0 262.661 101.874
60 0 0 262.661 101.874
61 0 0 262.661 101.874
62 0 0 262.661 101.874
63 0 0 262.661 101.874
64 0 0 262.661 101.874
65 0 0 262.661 101.874
66 0 0 262.661 101.874
67 0 0 262.661 101.874
68 0 0 262.661 101.874
69 0 0 262.661 101.874
70 0 0 262.661 101.874
71 0 0 262.661 101.874
72 0 0 262.661 101.874
73 0 0 262.661 101.874
74 0 0 262.661 101.874
75 0 0 262.661 101.874
76 0 0 262.661 101.874
77 0 0 262.661 101.874
78 0 0 262.661 101.874
79 0 0 262.661 101.874
80 0 0 262.661 101.874
81 0 0 262.661 101.874
82 0 0 262.661 101.874
83 0 0 262.661 101.874
84 0 0 262.661 101.874
85 0 0 262.661 101.874
86 0 0 262.661 101.874
87 0 0 262.661 101.874
88 0 0 262.661 101.874
89 0 0 262.661 101.874
90 0 0 262.661 101.874
91 0 0 262.661 101.874
92 0 0 262.661 101.874
93 0 0 262.661 101.874
94 0 0 262.661 101.874
95 0 0 262.661 101.874
96 0 0 262.661 101.874
97 0 0 262.661 101.874
98 0 0 262.661 101.874
99 0 0 262.661 101.874
