0 205.625 77.3256 205.625 77.3256
1 205.625 77.3256 205.625 77.3256
2 205.625 77.3256 205.625 77.3256
3 205.625 77.3256 205.625 77.3256
4 205.625 77.3256 205.625 77.3256
5 205.625 77.3256 205.625 77.3256
6 205.625 77.3256 205.625 77.3256
7 205.625 77.3256 205.625 77.3256
8 205.625 77.3256 205.625 77.3256
9 205.625 77.3256 205.625 77.3256
10 205.625 77.3256 205.625 77.3256
11 205.625 77.3256 205.625 77.3256
12 205.415 77.3256 205.625 77.3256
13 204.154 77.1155 205.625 77.3256
14 203.1 76.4855 205.625 77.3256
15 201.846 74.7966 205.625 77.3256
16 199.117 74.1715 205.625 77.3256
17 196.804 73.752 205.625 77.3256
18 192.39 72.0705 205.625 77.3256
19 187.985 70.6015 205.625 77.3256
20 182.942 68.5068 205.625 77.3256
21 174.32 66.4107 205.625 77.3256
22 165.709 61.5753 205.625 77.3256
23 155.421 57.993 205.625 77.3256
24 140.095 52.96 205.625 77.3256
25 120.151 47.2944 205.625 77.3256
26 105.015 40.3593 205.625 77.3256
27 85.4897 34.0611 205.625 77.3256
28 60.5037 23.1327 205.625 77.3256
29 33.3911 13.4466 205.625 77.3256
30 0 0 205.625 77.3256
31 0 0 205.625 77.3256
32 0 0 205.625 77.3256
33 0 0 205.625 77.3256
34 0 0 205.625 77.3256
35 0 0 205.625 77.3256
36 0 0 205.625 77.3256
37 0 0 205.625 77.3256
38 0 0 205.625 77.3256
39 0 0 205.625 77.3256
40 0 0 205.625 77.3256
41 0 0 205.625 77.3256
42 0 0 205.625 77.3256
43 0 0 205.625 77.3256
44 0 0 205.625 77.3256
45 0 0 205.625 77.3256
46 0 0 205.625 77.3256
47 0 0 205.625 77.3256
48 0 0 205.625 77.3256
49 0 0 205.625 77.3256
50 0 0 205.625 77.3256
51 0 0 205.625 77.3256
52 0 0 205.625 77.3256
53 0 0 205.625 77.3256
54 0 0 205.625 77.3256
55 0 0 205.625 77.3256
56 0 0 205.625 77.3256
57 0 0 205.625 77.3256
58 0 0 205.625 77.3256
59 0 0 205.625 77.3256
60 0 0 205.625 77.3256
61 0 0 205.625 77.3256
62 0 0 205.625 77.3256
63 0 0 205.625 77.3256
64 0 0 205.625 77.3256
65 0 0 205.625 77.3256
66 0 0 205.625 77.3256
67 0 0 205.625 77.3256
68 0 0 205.625 77.3256
69 0 0 205.625 77.3256
70 0 0 205.625 77.3256
71 0 0 205.625 77.3256
72 0 0 205.625 77.3256
73 0 0 205.625 77.3256
74 0 0 205.625 77.3256
75 0 0 205.625 77.3256
76 0 0 205.625 77.3256
77 0 0 205.625 77.3256
78 0 0 205.625 77.3256
79 0 0 205.625 77.3256
80 0 0 205.625 77.3256
81 0 0 205.625 77.3256
82 0 0 205.625 77.3256
83 0 0 205.625 77.3256
84 0 0 205.625 77.3256
85 0 0 205.625 77.3256
86 0 0 205.625 77.3256
87 0 0 205.625 77.3256
88 0 0 205.625 77.3256
89 0 0 205.625 77.3256
90 0 0 205.625 77.3256
91 0 0 205.625 77.3256
92 0 0 205.625 77.3256
93 0 0 205.625 77.3256
94 0 0 205.625 77.3256
95 0 0 205.625 77.3256
96 0 0 205.625 77.3256
97 0 0 205.625 77.3256
98 0 0 205.625 77.3256
99 0 0 205.625 77.3256
