0 187.182 72.0335 187.182 72.0335
1 187.182 72.0335 187.182 72.0335
2 187.182 72.0335 187.182 72.0335
3 187.182 72.0335 187.182 72.0335
4 187.182 72.0335 187.182 72.0335
5 187.182 72.0335 187.182 72.0335
6 187.182 72.0335 187.182 72.0335
7 187.182 72.0335 187.182 72.0335
8 187.182 72.0335 187.182 72.0335
9 187.182 72.0335 187.182 72.0335
10 187.182 72.0335 187.182 72.0335
11 187.182 72.0335 187.182 72.0335
12 186.549 72.0335 187.182 72.0335
13 186.128 72.0335 187.182 72.0335
14 185.075 71.4026 187.182 72.0335
15 184.229 70.5578 187.182 72.0335
16 182.758 69.9293 187.182 72.0335
17 179.6 69.7193 187.182 72.0335
18 177.498 69.087 187.182 72.0335
19 171.819 66.7688 187.182 72.0335
20 164.445 64.4501 187.182 72.0335
21 157.697 62.3476 187.182 72.0335
22 147.177 58.1382 187.182 72.0335
23 136.233 54.9779 187.182 72.0335
24 123.608 49.2853 187.182 72.0335
25 107.387 42.9679 187.182 72.0335
26 89.7077 38.331 187.182 72.0335
27 71.8117 31.807 187.182 72.0335
28 51.3702 21.9077 187.182 72.0335
29 30.1071 12.0084 187.182 72.0335
30 0 0 187.182 72.0335
31 0 0 187.182 72.0335
32 0 0 187.182 72.0335
33 0 0 187.182 72.0335
34 0 0 187.182 72.0335
35 0 0 187.182 72.0335
36 0 0 187.182 72.0335
37 0 0 187.182 72.0335
38 0 0 187.182 72.0335
39 0 0 187.182 72.0335
40 0 0 187.182 72.0335
41 0 0 187.182 72.0335
42 0 0 187.182 72.0335
43 0 0 187.182 72.0335
44 0 0 187.182 72.0335
45 0 0 187.182 72.0335
46 0 0 187.182 72.0335
47 0 0 187.182 72.0335
48 0 0 187.182 72.0335
49 0 0 187.182 72.0335
50 0 0 187.182 72.0335
51 0 0 187.182 72.0335
52 0 0 187.182 72.0335
53 0 0 187.182 72.0335
54 0 0 187.182 72.0335
55 0 0 187.182 72.0335
56 0 0 187.182 72.0335
57 0 0 187.182 72.0335
58 0 0 187.182 72.0335
59 0 0 187.182 72.0335
60 0 0 187.182 72.0335
61 0 0 187.182 72.0335
62 0 0 187.182 72.0335
63 0 0 187.182 72.0335
64 0 0 187.182 72.0335
65 0 0 187.182 72.0335
66 0 0 187.182 72.0335
67 0 0 187.182 72.0335
68 0 0 187.182 72.0335
69 0 0 187.182 72.0335
70 0 0 187.182 72.0335
71 0 0 187.182 72.0335
72 0 0 187.182 72.0335
73 0 0 187.182 72.0335
74 0 0 187.182 72.0335
75 0 0 187.182 72.0335
76 0 0 187.182 72.0335
77 0 0 187.182 72.0335
78 0 0 187.182 72.0335
79 0 0 187.182 72.0335
80 0 0 187.182 72.0335
81 0 0 187.182 72.0335
82 0 0 187.182 72.0335
83 0 0 187.182 72.0335
84 0 0 187.182 72.0335
85 0 0 187.182 72.0335
86 0 0 187.182 72.0335
87 0 0 187.182 72.0335
88 0 0 187.182 72.0335
89 0 0 187.182 72.0335
90 0 0 187.182 72.0335
91 0 0 187.182 72.0335
92 0 0 187.182 72.0335
93 0 0 187.182 72.0335
94 0 0 187.182 72.0335
95 0 0 187.182 72.0335
96 0 0 187.182 72.0335
97 0 0 187.182 72.0335
98 0 0 187.182 72.0335
99 0 0 187.182 72.0335
