0 0 0  828.145 310.576
1 0 0  828.145 310.576
2 0 0  828.145 310.576
3 0 0  828.145 310.576
4 0 0  828.145 310.576
5 0 0  828.145 310.576
6 0 0  828.145 310.576
7 0 0  828.145 310.576
8 0 0  828.145 310.576
9 0 0  828.145 310.576
10 0 0  828.145 310.576
11 -0.224002 0  828.145 310.576
12 1.55109 1.1042  828.145 310.576
13 5.10848 2.43764  828.145 310.576
14 11.1052 3.76994  828.145 310.576
15 21.7675 6.88805  828.145 310.576
16 32.8777 12.4434  828.145 310.576
17 49.0617 22.8749  828.145 310.576
18 74.8316 32.6404  828.145 310.576
19 101.918 44.4242  828.145 310.576
20 132.777 54.616  828.145 310.576
21 173.833 66.8073  828.145 310.576
22 222.699 86.1137  828.145 310.576
23 272.633 106.064  828.145 310.576
24 339.279 128.726  828.145 310.576
25 408.968 154.469  828.145 310.576
26 477.984 182.886  828.145 310.576
27 556.579 214.648  828.145 310.576
28 655.363 243.292  828.145 310.576
29 748.641 274.395  828.145 310.576
30 828.145 310.576  828.145 310.576
31 828.145 310.576  828.145 310.576
32 828.145 310.576  828.145 310.576
33 828.145 310.576  828.145 310.576
34 828.145 310.576  828.145 310.576
35 828.145 310.576  828.145 310.576
36 828.145 310.576  828.145 310.576
37 828.145 310.576  828.145 310.576
38 828.145 310.576  828.145 310.576
39 828.145 310.576  828.145 310.576
40 828.145 310.576  828.145 310.576
41 828.145 310.576  828.145 310.576
42 828.145 310.576  828.145 310.576
43 828.145 310.576  828.145 310.576
44 828.145 310.576  828.145 310.576
45 828.145 310.576  828.145 310.576
46 828.145 310.576  828.145 310.576
47 828.145 310.576  828.145 310.576
48 828.145 310.576  828.145 310.576
49 828.145 310.576  828.145 310.576
50 828.145 310.576  828.145 310.576
51 828.145 310.576  828.145 310.576
52 828.145 310.576  828.145 310.576
53 828.145 310.576  828.145 310.576
54 828.145 310.576  828.145 310.576
55 828.145 310.576  828.145 310.576
56 828.145 310.576  828.145 310.576
57 828.145 310.576  828.145 310.576
58 828.145 310.576  828.145 310.576
59 828.145 310.576  828.145 310.576
60 828.145 310.576  828.145 310.576
61 828.145 310.576  828.145 310.576
62 828.145 310.576  828.145 310.576
63 828.145 310.576  828.145 310.576
64 828.145 310.576  828.145 310.576
65 828.145 310.576  828.145 310.576
66 828.145 310.576  828.145 310.576
67 828.145 310.576  828.145 310.576
68 828.145 310.576  828.145 310.576
69 828.145 310.576  828.145 310.576
70 828.145 310.576  828.145 310.576
71 828.145 310.576  828.145 310.576
72 828.145 310.576  828.145 310.576
73 828.145 310.576  828.145 310.576
74 828.145 310.576  828.145 310.576
75 828.145 310.576  828.145 310.576
76 828.145 310.576  828.145 310.576
77 828.145 310.576  828.145 310.576
78 828.145 310.576  828.145 310.576
79 828.145 310.576  828.145 310.576
80 828.145 310.576  828.145 310.576
81 828.145 310.576  828.145 310.576
82 828.145 310.576  828.145 310.576
83 828.145 310.576  828.145 310.576
84 828.145 310.576  828.145 310.576
85 828.145 310.576  828.145 310.576
86 828.145 310.576  828.145 310.576
87 828.145 310.576  828.145 310.576
88 828.145 310.576  828.145 310.576
89 828.145 310.576  828.145 310.576
90 828.145 310.576  828.145 310.576
91 828.145 310.576  828.145 310.576
92 828.145 310.576  828.145 310.576
93 828.145 310.576  828.145 310.576
94 828.145 310.576  828.145 310.576
95 828.145 310.576  828.145 310.576
96 828.145 310.576  828.145 310.576
97 828.145 310.576  828.145 310.576
98 828.145 310.576  828.145 310.576
99 828.145 310.576  828.145 310.576
