0 0 0  262.661 101.874
1 0 0  262.661 101.874
2 0 0  262.661 101.874
3 0 0  262.661 101.874
4 0 0  262.661 101.874
5 0 0  262.661 101.874
6 0 0  262.661 101.874
7 0 0  262.661 101.874
8 0 0  262.661 101.874
9 0 0  262.661 101.874
10 0 0  262.661 101.874
11 0.401731 0  262.661 101.874
12 0.602025 0.200779  262.661 101.874
13 1.60292 0.601174  262.661 101.874
14 3.60771 0.601174  262.661 101.874
15 7.02116 1.20219  262.661 101.874
16 10.6403 2.61045  262.661 101.874
17 15.0548 3.21215  262.661 101.874
18 20.2681 5.62138  262.661 101.874
19 25.0885 10.0364  262.661 101.874
20 32.3141 12.8474  262.661 101.874
21 42.5653 17.0629  262.661 101.874
22 53.466 23.484  262.661 101.874
23 66.7196 30.31  262.661 101.874
24 85.7936 37.342  262.661 101.874
25 104.844 45.9793  262.661 101.874
26 126.521 54.8009  262.661 101.874
27 153.183 65.8438  262.661 101.874
28 185.445 76.3828  262.661 101.874
29 222.987 91.4362  262.661 101.874
30 262.661 101.874  262.661 101.874
31 262.661 101.874  262.661 101.874
32 262.661 101.874  262.661 101.874
33 262.661 101.874  262.661 101.874
34 262.661 101.874  262.661 101.874
35 262.661 101.874  262.661 101.874
36 262.661 101.874  262.661 101.874
37 262.661 101.874  262.661 101.874
38 262.661 101.874  262.661 101.874
39 262.661 101.874  262.661 101.874
40 262.661 101.874  262.661 101.874
41 262.661 101.874  262.661 101.874
42 262.661 101.874  262.661 101.874
43 262.661 101.874  262.661 101.874
44 262.661 101.874  262.661 101.874
45 262.661 101.874  262.661 101.874
46 262.661 101.874  262.661 101.874
47 262.661 101.874  262.661 101.874
48 262.661 101.874  262.661 101.874
49 262.661 101.874  262.661 101.874
50 262.661 101.874  262.661 101.874
51 262.661 101.874  262.661 101.874
52 262.661 101.874  262.661 101.874
53 262.661 101.874  262.661 101.874
54 262.661 101.874  262.661 101.874
55 262.661 101.874  262.661 101.874
56 262.661 101.874  262.661 101.874
57 262.661 101.874  262.661 101.874
58 262.661 101.874  262.661 101.874
59 262.661 101.874  262.661 101.874
60 262.661 101.874  262.661 101.874
61 262.661 101.874  262.661 101.874
62 262.661 101.874  262.661 101.874
63 262.661 101.874  262.661 101.874
64 262.661 101.874  262.661 101.874
65 262.661 101.874  262.661 101.874
66 262.661 101.874  262.661 101.874
67 262.661 101.874  262.661 101.874
68 262.661 101.874  262.661 101.874
69 262.661 101.874  262.661 101.874
70 262.661 101.874  262.661 101.874
71 262.661 101.874  262.661 101.874
72 262.661 101.874  262.661 101.874
73 262.661 101.874  262.661 101.874
74 262.661 101.874  262.661 101.874
75 262.661 101.874  262.661 101.874
76 262.661 101.874  262.661 101.874
77 262.661 101.874  262.661 101.874
78 262.661 101.874  262.661 101.874
79 262.661 101.874  262.661 101.874
80 262.661 101.874  262.661 101.874
81 262.661 101.874  262.661 101.874
82 262.661 101.874  262.661 101.874
83 262.661 101.874  262.661 101.874
84 262.661 101.874  262.661 101.874
85 262.661 101.874  262.661 101.874
86 262.661 101.874  262.661 101.874
87 262.661 101.874  262.661 101.874
88 262.661 101.874  262.661 101.874
89 262.661 101.874  262.661 101.874
90 262.661 101.874  262.661 101.874
91 262.661 101.874  262.661 101.874
92 262.661 101.874  262.661 101.874
93 262.661 101.874  262.661 101.874
94 262.661 101.874  262.661 101.874
95 262.661 101.874  262.661 101.874
96 262.661 101.874  262.661 101.874
97 262.661 101.874  262.661 101.874
98 262.661 101.874  262.661 101.874
99 262.661 101.874  262.661 101.874
