0 0 0  1213.39 484.662
1 0 0  1213.39 484.662
2 0 0  1213.39 484.662
3 0 0  1213.39 484.662
4 0 0  1213.39 484.662
5 0 0  1213.39 484.662
6 0 0  1213.39 484.662
7 0 0  1213.39 484.662
8 0 0  1213.39 484.662
9 0 0  1213.39 484.662
10 0 0  1213.39 484.662
11 1.05566 0.209585  1213.39 484.662
12 3.57872 1.05268  1213.39 484.662
13 7.79318 2.73816  1213.39 484.662
14 18.7432 4.63115  1213.39 484.662
15 37.4775 9.67867  1213.39 484.662
16 59.1856 16.6432  1213.39 484.662
17 92.3051 29.0712  1213.39 484.662
18 142.478 44.8673  1213.39 484.662
19 197.685 68.4617  1213.39 484.662
20 265.989 99.6329  1213.39 484.662
21 353.86 135.917  1213.39 484.662
22 459.919 178.481  1213.39 484.662
23 575.828 223.332  1213.39 484.662
24 690.636 277.08  1213.39 484.662
25 808.021 324.482  1213.39 484.662
26 923.303 368.755  1213.39 484.662
27 1012.23 404.148  1213.39 484.662
28 1092.08 437.042  1213.39 484.662
29 1161.82 463.8  1213.39 484.662
30 1213.39 484.662  1213.39 484.662
31 1213.39 484.662  1213.39 484.662
32 1213.39 484.662  1213.39 484.662
33 1213.39 484.662  1213.39 484.662
34 1213.39 484.662  1213.39 484.662
35 1213.39 484.662  1213.39 484.662
36 1213.39 484.662  1213.39 484.662
37 1213.39 484.662  1213.39 484.662
38 1213.39 484.662  1213.39 484.662
39 1213.39 484.662  1213.39 484.662
40 1213.39 484.662  1213.39 484.662
41 1213.39 484.662  1213.39 484.662
42 1213.39 484.662  1213.39 484.662
43 1213.39 484.662  1213.39 484.662
44 1213.39 484.662  1213.39 484.662
45 1213.39 484.662  1213.39 484.662
46 1213.39 484.662  1213.39 484.662
47 1213.39 484.662  1213.39 484.662
48 1213.39 484.662  1213.39 484.662
49 1213.39 484.662  1213.39 484.662
50 1213.39 484.662  1213.39 484.662
51 1213.39 484.662  1213.39 484.662
52 1213.39 484.662  1213.39 484.662
53 1213.39 484.662  1213.39 484.662
54 1213.39 484.662  1213.39 484.662
55 1213.39 484.662  1213.39 484.662
56 1213.39 484.662  1213.39 484.662
57 1213.39 484.662  1213.39 484.662
58 1213.39 484.662  1213.39 484.662
59 1213.39 484.662  1213.39 484.662
60 1213.39 484.662  1213.39 484.662
61 1213.39 484.662  1213.39 484.662
62 1213.39 484.662  1213.39 484.662
63 1213.39 484.662  1213.39 484.662
64 1213.39 484.662  1213.39 484.662
65 1213.39 484.662  1213.39 484.662
66 1213.39 484.662  1213.39 484.662
67 1213.39 484.662  1213.39 484.662
68 1213.39 484.662  1213.39 484.662
69 1213.39 484.662  1213.39 484.662
70 1213.39 484.662  1213.39 484.662
71 1213.39 484.662  1213.39 484.662
72 1213.39 484.662  1213.39 484.662
73 1213.39 484.662  1213.39 484.662
74 1213.39 484.662  1213.39 484.662
75 1213.39 484.662  1213.39 484.662
76 1213.39 484.662  1213.39 484.662
77 1213.39 484.662  1213.39 484.662
78 1213.39 484.662  1213.39 484.662
79 1213.39 484.662  1213.39 484.662
80 1213.39 484.662  1213.39 484.662
81 1213.39 484.662  1213.39 484.662
82 1213.39 484.662  1213.39 484.662
83 1213.39 484.662  1213.39 484.662
84 1213.39 484.662  1213.39 484.662
85 1213.39 484.662  1213.39 484.662
86 1213.39 484.662  1213.39 484.662
87 1213.39 484.662  1213.39 484.662
88 1213.39 484.662  1213.39 484.662
89 1213.39 484.662  1213.39 484.662
90 1213.39 484.662  1213.39 484.662
91 1213.39 484.662  1213.39 484.662
92 1213.39 484.662  1213.39 484.662
93 1213.39 484.662  1213.39 484.662
94 1213.39 484.662  1213.39 484.662
95 1213.39 484.662  1213.39 484.662
96 1213.39 484.662  1213.39 484.662
97 1213.39 484.662  1213.39 484.662
98 1213.39 484.662  1213.39 484.662
99 1213.39 484.662  1213.39 484.662
