0 1260.39 505.374 1260.39 505.374
1 1260.39 505.374 1260.39 505.374
2 1260.39 505.374 1260.39 505.374
3 1260.39 505.374 1260.39 505.374
4 1260.39 505.374 1260.39 505.374
5 1260.39 505.374 1260.39 505.374
6 1260.39 505.374 1260.39 505.374
7 1260.39 505.374 1260.39 505.374
8 1260.39 505.374 1260.39 505.374
9 1260.39 505.374 1260.39 505.374
10 1260.39 505.374 1260.39 505.374
11 1259.5 505.374 1260.39 505.374
12 1256.82 504.183 1260.39 505.374
13 1247.29 500.607 1260.39 505.374
14 1232.42 494.37 1260.39 505.374
15 1201.49 487.256 1260.39 505.374
16 1157.82 467.913 1260.39 505.374
17 1087.38 441.112 1260.39 505.374
18 1008.87 412.57 1260.39 505.374
19 909.023 375.142 1260.39 505.374
20 804.987 334.698 1260.39 505.374
21 695.293 293.696 1260.39 505.374
22 594.565 255.086 1260.39 505.374
23 501.213 213.764 1260.39 505.374
24 403.741 173.65 1260.39 505.374
25 312.174 137.365 1260.39 505.374
26 235.437 103.165 1260.39 505.374
27 164.725 72.2768 1260.39 505.374
28 96.9418 47.2902 1260.39 505.374
29 48.1675 21.3996 1260.39 505.374
30 0 0 1260.39 505.374
31 0 0 1260.39 505.374
32 0 0 1260.39 505.374
33 0 0 1260.39 505.374
34 0 0 1260.39 505.374
35 0 0 1260.39 505.374
36 0 0 1260.39 505.374
37 0 0 1260.39 505.374
38 0 0 1260.39 505.374
39 0 0 1260.39 505.374
40 0 0 1260.39 505.374
41 0 0 1260.39 505.374
42 0 0 1260.39 505.374
43 0 0 1260.39 505.374
44 0 0 1260.39 505.374
45 0 0 1260.39 505.374
46 0 0 1260.39 505.374
47 0 0 1260.39 505.374
48 0 0 1260.39 505.374
49 0 0 1260.39 505.374
50 0 0 1260.39 505.374
51 0 0 1260.39 505.374
52 0 0 1260.39 505.374
53 0 0 1260.39 505.374
54 0 0 1260.39 505.374
55 0 0 1260.39 505.374
56 0 0 1260.39 505.374
57 0 0 1260.39 505.374
58 0 0 1260.39 505.374
59 0 0 1260.39 505.374
60 0 0 1260.39 505.374
61 0 0 1260.39 505.374
62 0 0 1260.39 505.374
63 0 0 1260.39 505.374
64 0 0 1260.39 505.374
65 0 0 1260.39 505.374
66 0 0 1260.39 505.374
67 0 0 1260.39 505.374
68 0 0 1260.39 505.374
69 0 0 1260.39 505.374
70 0 0 1260.39 505.374
71 0 0 1260.39 505.374
72 0 0 1260.39 505.374
73 0 0 1260.39 505.374
74 0 0 1260.39 505.374
75 0 0 1260.39 505.374
76 0 0 1260.39 505.374
77 0 0 1260.39 505.374
78 0 0 1260.39 505.374
79 0 0 1260.39 505.374
80 0 0 1260.39 505.374
81 0 0 1260.39 505.374
82 0 0 1260.39 505.374
83 0 0 1260.39 505.374
84 0 0 1260.39 505.374
85 0 0 1260.39 505.374
86 0 0 1260.39 505.374
87 0 0 1260.39 505.374
88 0 0 1260.39 505.374
89 0 0 1260.39 505.374
90 0 0 1260.39 505.374
91 0 0 1260.39 505.374
92 0 0 1260.39 505.374
93 0 0 1260.39 505.374
94 0 0 1260.39 505.374
95 0 0 1260.39 505.374
96 0 0 1260.39 505.374
97 0 0 1260.39 505.374
98 0 0 1260.39 505.374
99 0 0 1260.39 505.374
