0 0 0  760.751 3.90129
1 0 0  760.751 3.90129
2 0 0  760.751 3.90129
3 0 0  760.751 3.90129
4 0 0  760.751 3.90129
5 0 0  760.751 3.90129
6 0 0  760.751 3.90129
7 0 0  760.751 3.90129
8 0 0  760.751 3.90129
9 0 0  760.751 3.90129
10 0 0  760.751 3.90129
11 0 0  760.751 3.90129
12 7.80258 0  760.751 3.90129
13 39.0129 0  760.751 3.90129
14 72.1738 0  760.751 3.90129
15 118.989 0  760.751 3.90129
16 171.657 0  760.751 3.90129
17 210.67 0  760.751 3.90129
18 261.386 0  760.751 3.90129
19 337.461 0  760.751 3.90129
20 388.178 0  760.751 3.90129
21 438.895 0  760.751 3.90129
22 487.661 0  760.751 3.90129
23 542.279 0  760.751 3.90129
24 591.045 1.95064  760.751 3.90129
25 620.305 3.90129  760.751 3.90129
26 653.466 3.90129  760.751 3.90129
27 696.38 3.90129  760.751 3.90129
28 713.936 3.90129  760.751 3.90129
29 735.393 3.90129  760.751 3.90129
30 760.751 3.90129  760.751 3.90129
31 760.751 3.90129  760.751 3.90129
32 760.751 3.90129  760.751 3.90129
33 760.751 3.90129  760.751 3.90129
34 760.751 3.90129  760.751 3.90129
35 760.751 3.90129  760.751 3.90129
36 760.751 3.90129  760.751 3.90129
37 760.751 3.90129  760.751 3.90129
38 760.751 3.90129  760.751 3.90129
39 760.751 3.90129  760.751 3.90129
40 760.751 3.90129  760.751 3.90129
41 760.751 3.90129  760.751 3.90129
42 760.751 3.90129  760.751 3.90129
43 760.751 3.90129  760.751 3.90129
44 760.751 3.90129  760.751 3.90129
45 760.751 3.90129  760.751 3.90129
46 760.751 3.90129  760.751 3.90129
47 760.751 3.90129  760.751 3.90129
48 760.751 3.90129  760.751 3.90129
49 760.751 3.90129  760.751 3.90129
50 760.751 3.90129  760.751 3.90129
51 760.751 3.90129  760.751 3.90129
52 760.751 3.90129  760.751 3.90129
53 760.751 3.90129  760.751 3.90129
54 760.751 3.90129  760.751 3.90129
55 760.751 3.90129  760.751 3.90129
56 760.751 3.90129  760.751 3.90129
57 760.751 3.90129  760.751 3.90129
58 760.751 3.90129  760.751 3.90129
59 760.751 3.90129  760.751 3.90129
60 760.751 3.90129  760.751 3.90129
61 760.751 3.90129  760.751 3.90129
62 760.751 3.90129  760.751 3.90129
63 760.751 3.90129  760.751 3.90129
64 760.751 3.90129  760.751 3.90129
65 760.751 3.90129  760.751 3.90129
66 760.751 3.90129  760.751 3.90129
67 760.751 3.90129  760.751 3.90129
68 760.751 3.90129  760.751 3.90129
69 760.751 3.90129  760.751 3.90129
70 760.751 3.90129  760.751 3.90129
71 760.751 3.90129  760.751 3.90129
72 760.751 3.90129  760.751 3.90129
73 760.751 3.90129  760.751 3.90129
74 760.751 3.90129  760.751 3.90129
75 760.751 3.90129  760.751 3.90129
76 760.751 3.90129  760.751 3.90129
77 760.751 3.90129  760.751 3.90129
78 760.751 3.90129  760.751 3.90129
79 760.751 3.90129  760.751 3.90129
80 760.751 3.90129  760.751 3.90129
81 760.751 3.90129  760.751 3.90129
82 760.751 3.90129  760.751 3.90129
83 760.751 3.90129  760.751 3.90129
84 760.751 3.90129  760.751 3.90129
85 760.751 3.90129  760.751 3.90129
86 760.751 3.90129  760.751 3.90129
87 760.751 3.90129  760.751 3.90129
88 760.751 3.90129  760.751 3.90129
89 760.751 3.90129  760.751 3.90129
90 760.751 3.90129  760.751 3.90129
91 760.751 3.90129  760.751 3.90129
92 760.751 3.90129  760.751 3.90129
93 760.751 3.90129  760.751 3.90129
94 760.751 3.90129  760.751 3.90129
95 760.751 3.90129  760.751 3.90129
96 760.751 3.90129  760.751 3.90129
97 760.751 3.90129  760.751 3.90129
98 760.751 3.90129  760.751 3.90129
99 760.751 3.90129  760.751 3.90129
