0 224.967 1.7037 224.967 1.7037
1 224.967 1.7037 224.967 1.7037
2 224.967 1.7037 224.967 1.7037
3 224.967 1.7037 224.967 1.7037
4 224.967 1.7037 224.967 1.7037
5 224.967 1.7037 224.967 1.7037
6 224.967 1.7037 224.967 1.7037
7 224.967 1.7037 224.967 1.7037
8 224.967 1.7037 224.967 1.7037
9 224.967 1.7037 224.967 1.7037
10 224.967 1.7037 224.967 1.7037
11 224.37 1.69585 224.967 1.7037
12 221.889 1.688 224.967 1.7037
13 217.422 1.68015 224.967 1.7037
14 210.427 1.66445 224.967 1.7037
15 200.966 1.65659 224.967 1.7037
16 189.213 1.57808 224.967 1.7037
17 175.654 1.53098 224.967 1.7037
18 161.867 1.46817 224.967 1.7037
19 147.17 1.41321 224.967 1.7037
20 132.567 1.32685 224.967 1.7037
21 118.05 1.27974 224.967 1.7037
22 102.693 1.19338 224.967 1.7037
23 88.2863 1.02065 224.967 1.7037
24 75.167 0.910734 224.967 1.7037
25 63.0762 0.785116 224.967 1.7037
26 50.9933 0.683051 224.967 1.7037
27 38.1645 0.54173 224.967 1.7037
28 25.6026 0.392558 224.967 1.7037
29 13.0172 0.227684 224.967 1.7037
30 0 0 224.967 1.7037
31 0 0 224.967 1.7037
32 0 0 224.967 1.7037
33 0 0 224.967 1.7037
34 0 0 224.967 1.7037
35 0 0 224.967 1.7037
36 0 0 224.967 1.7037
37 0 0 224.967 1.7037
38 0 0 224.967 1.7037
39 0 0 224.967 1.7037
40 0 0 224.967 1.7037
41 0 0 224.967 1.7037
42 0 0 224.967 1.7037
43 0 0 224.967 1.7037
44 0 0 224.967 1.7037
45 0 0 224.967 1.7037
46 0 0 224.967 1.7037
47 0 0 224.967 1.7037
48 0 0 224.967 1.7037
49 0 0 224.967 1.7037
50 0 0 224.967 1.7037
51 0 0 224.967 1.7037
52 0 0 224.967 1.7037
53 0 0 224.967 1.7037
54 0 0 224.967 1.7037
55 0 0 224.967 1.7037
56 0 0 224.967 1.7037
57 0 0 224.967 1.7037
58 0 0 224.967 1.7037
59 0 0 224.967 1.7037
60 0 0 224.967 1.7037
61 0 0 224.967 1.7037
62 0 0 224.967 1.7037
63 0 0 224.967 1.7037
64 0 0 224.967 1.7037
65 0 0 224.967 1.7037
66 0 0 224.967 1.7037
67 0 0 224.967 1.7037
68 0 0 224.967 1.7037
69 0 0 224.967 1.7037
70 0 0 224.967 1.7037
71 0 0 224.967 1.7037
72 0 0 224.967 1.7037
73 0 0 224.967 1.7037
74 0 0 224.967 1.7037
75 0 0 224.967 1.7037
76 0 0 224.967 1.7037
77 0 0 224.967 1.7037
78 0 0 224.967 1.7037
79 0 0 224.967 1.7037
80 0 0 224.967 1.7037
81 0 0 224.967 1.7037
82 0 0 224.967 1.7037
83 0 0 224.967 1.7037
84 0 0 224.967 1.7037
85 0 0 224.967 1.7037
86 0 0 224.967 1.7037
87 0 0 224.967 1.7037
88 0 0 224.967 1.7037
89 0 0 224.967 1.7037
90 0 0 224.967 1.7037
91 0 0 224.967 1.7037
92 0 0 224.967 1.7037
93 0 0 224.967 1.7037
94 0 0 224.967 1.7037
95 0 0 224.967 1.7037
96 0 0 224.967 1.7037
97 0 0 224.967 1.7037
98 0 0 224.967 1.7037
99 0 0 224.967 1.7037
