0 0 0 821.39 0
1 0 0 821.39 0
2 0 0 821.39 0
3 0 0 821.39 0
4 0 0 821.39 0
5 0 0 821.39 0
6 0 0 821.39 0
7 0 0 821.39 0
8 0 0 821.39 0
9 0 0 821.39 0
10 0 0 821.39 0
11 0 0 821.39 0
12 0 0 821.39 0
13 102.674 0 821.39 0
14 102.674 0 821.39 0
15 102.674 0 821.39 0
16 102.674 0 821.39 0
17 102.674 0 821.39 0
18 205.348 0 821.39 0
19 205.348 0 821.39 0
20 308.021 0 821.39 0
21 410.695 0 821.39 0
22 513.369 0 821.39 0
23 513.369 0 821.39 0
24 616.043 0 821.39 0
25 616.043 0 821.39 0
26 616.043 0 821.39 0
27 718.716 0 821.39 0
28 821.39 0 821.39 0
29 821.39 0 821.39 0
30 821.39 0 821.39 0
31 821.39 0 821.39 0
32 821.39 0 821.39 0
33 821.39 0 821.39 0
34 821.39 0 821.39 0
35 821.39 0 821.39 0
36 821.39 0 821.39 0
37 821.39 0 821.39 0
38 821.39 0 821.39 0
39 821.39 0 821.39 0
40 821.39 0 821.39 0
41 821.39 0 821.39 0
42 821.39 0 821.39 0
43 821.39 0 821.39 0
44 821.39 0 821.39 0
45 821.39 0 821.39 0
46 821.39 0 821.39 0
47 821.39 0 821.39 0
48 821.39 0 821.39 0
49 821.39 0 821.39 0
50 821.39 0 821.39 0
51 821.39 0 821.39 0
52 821.39 0 821.39 0
53 821.39 0 821.39 0
54 821.39 0 821.39 0
55 821.39 0 821.39 0
56 821.39 0 821.39 0
57 821.39 0 821.39 0
58 821.39 0 821.39 0
59 821.39 0 821.39 0
60 821.39 0 821.39 0
61 821.39 0 821.39 0
62 821.39 0 821.39 0
63 821.39 0 821.39 0
64 821.39 0 821.39 0
65 821.39 0 821.39 0
66 821.39 0 821.39 0
67 821.39 0 821.39 0
68 821.39 0 821.39 0
69 821.39 0 821.39 0
70 821.39 0 821.39 0
71 821.39 0 821.39 0
72 821.39 0 821.39 0
73 821.39 0 821.39 0
74 821.39 0 821.39 0
75 821.39 0 821.39 0
76 821.39 0 821.39 0
77 821.39 0 821.39 0
78 821.39 0 821.39 0
79 821.39 0 821.39 0
80 821.39 0 821.39 0
81 821.39 0 821.39 0
82 821.39 0 821.39 0
83 821.39 0 821.39 0
84 821.39 0 821.39 0
85 821.39 0 821.39 0
86 821.39 0 821.39 0
87 821.39 0 821.39 0
88 821.39 0 821.39 0
89 821.39 0 821.39 0
90 821.39 0 821.39 0
91 821.39 0 821.39 0
92 821.39 0 821.39 0
93 821.39 0 821.39 0
94 821.39 0 821.39 0
95 821.39 0 821.39 0
96 821.39 0 821.39 0
97 821.39 0 821.39 0
98 821.39 0 821.39 0
99 821.39 0 821.39 0
