0 821.39 0 821.39 0
1 821.39 0 821.39 0
2 821.39 0 821.39 0
3 821.39 0 821.39 0
4 821.39 0 821.39 0
5 821.39 0 821.39 0
6 821.39 0 821.39 0
7 821.39 0 821.39 0
8 821.39 0 821.39 0
9 821.39 0 821.39 0
10 821.39 0 821.39 0
11 821.39 0 821.39 0
12 821.39 0 821.39 0
13 718.716 0 821.39 0
14 718.716 0 821.39 0
15 718.716 0 821.39 0
16 718.716 0 821.39 0
17 718.716 0 821.39 0
18 616.043 0 821.39 0
19 616.043 0 821.39 0
20 513.369 0 821.39 0
21 410.695 0 821.39 0
22 308.021 0 821.39 0
23 308.021 0 821.39 0
24 205.348 0 821.39 0
25 205.348 0 821.39 0
26 205.348 0 821.39 0
27 102.674 0 821.39 0
28 0 0 821.39 0
29 0 0 821.39 0
30 0 0 821.39 0
31 0 0 821.39 0
32 0 0 821.39 0
33 0 0 821.39 0
34 0 0 821.39 0
35 0 0 821.39 0
36 0 0 821.39 0
37 0 0 821.39 0
38 0 0 821.39 0
39 0 0 821.39 0
40 0 0 821.39 0
41 0 0 821.39 0
42 0 0 821.39 0
43 0 0 821.39 0
44 0 0 821.39 0
45 0 0 821.39 0
46 0 0 821.39 0
47 0 0 821.39 0
48 0 0 821.39 0
49 0 0 821.39 0
50 0 0 821.39 0
51 0 0 821.39 0
52 0 0 821.39 0
53 0 0 821.39 0
54 0 0 821.39 0
55 0 0 821.39 0
56 0 0 821.39 0
57 0 0 821.39 0
58 0 0 821.39 0
59 0 0 821.39 0
60 0 0 821.39 0
61 0 0 821.39 0
62 0 0 821.39 0
63 0 0 821.39 0
64 0 0 821.39 0
65 0 0 821.39 0
66 0 0 821.39 0
67 0 0 821.39 0
68 0 0 821.39 0
69 0 0 821.39 0
70 0 0 821.39 0
71 0 0 821.39 0
72 0 0 821.39 0
73 0 0 821.39 0
74 0 0 821.39 0
75 0 0 821.39 0
76 0 0 821.39 0
77 0 0 821.39 0
78 0 0 821.39 0
79 0 0 821.39 0
80 0 0 821.39 0
81 0 0 821.39 0
82 0 0 821.39 0
83 0 0 821.39 0
84 0 0 821.39 0
85 0 0 821.39 0
86 0 0 821.39 0
87 0 0 821.39 0
88 0 0 821.39 0
89 0 0 821.39 0
90 0 0 821.39 0
91 0 0 821.39 0
92 0 0 821.39 0
93 0 0 821.39 0
94 0 0 821.39 0
95 0 0 821.39 0
96 0 0 821.39 0
97 0 0 821.39 0
98 0 0 821.39 0
99 0 0 821.39 0
