0 616.981 19.4019 616.981 19.4019
1 616.981 19.4019 616.981 19.4019
2 616.981 19.4019 616.981 19.4019
3 616.981 19.4019 616.981 19.4019
4 616.981 19.4019 616.981 19.4019
5 616.981 19.4019 616.981 19.4019
6 616.981 19.4019 616.981 19.4019
7 616.981 19.4019 616.981 19.4019
8 616.981 19.4019 616.981 19.4019
9 616.981 19.4019 616.981 19.4019
10 616.981 19.4019 616.981 19.4019
11 616.981 19.4019 616.981 19.4019
12 616.981 19.4019 616.981 19.4019
13 616.981 19.4019 616.981 19.4019
14 616.981 19.4019 616.981 19.4019
15 609.22 19.4019 616.981 19.4019
16 597.579 15.5215 616.981 19.4019
17 593.699 11.6412 616.981 19.4019
18 585.938 7.76077 616.981 19.4019
19 570.416 7.76077 616.981 19.4019
20 554.895 7.76077 616.981 19.4019
21 547.134 7.76077 616.981 19.4019
22 504.45 7.76077 616.981 19.4019
23 477.287 3.88038 616.981 19.4019
24 426.842 3.88038 616.981 19.4019
25 353.115 3.88038 616.981 19.4019
26 298.79 3.88038 616.981 19.4019
27 217.302 0 616.981 19.4019
28 151.335 0 616.981 19.4019
29 89.2488 3.88038 616.981 19.4019
30 0 0 616.981 19.4019
31 0 0 616.981 19.4019
32 0 0 616.981 19.4019
33 0 0 616.981 19.4019
34 0 0 616.981 19.4019
35 0 0 616.981 19.4019
36 0 0 616.981 19.4019
37 0 0 616.981 19.4019
38 0 0 616.981 19.4019
39 0 0 616.981 19.4019
40 0 0 616.981 19.4019
41 0 0 616.981 19.4019
42 0 0 616.981 19.4019
43 0 0 616.981 19.4019
44 0 0 616.981 19.4019
45 0 0 616.981 19.4019
46 0 0 616.981 19.4019
47 0 0 616.981 19.4019
48 0 0 616.981 19.4019
49 0 0 616.981 19.4019
50 0 0 616.981 19.4019
51 0 0 616.981 19.4019
52 0 0 616.981 19.4019
53 0 0 616.981 19.4019
54 0 0 616.981 19.4019
55 0 0 616.981 19.4019
56 0 0 616.981 19.4019
57 0 0 616.981 19.4019
58 0 0 616.981 19.4019
59 0 0 616.981 19.4019
60 0 0 616.981 19.4019
61 0 0 616.981 19.4019
62 0 0 616.981 19.4019
63 0 0 616.981 19.4019
64 0 0 616.981 19.4019
65 0 0 616.981 19.4019
66 0 0 616.981 19.4019
67 0 0 616.981 19.4019
68 0 0 616.981 19.4019
69 0 0 616.981 19.4019
70 0 0 616.981 19.4019
71 0 0 616.981 19.4019
72 0 0 616.981 19.4019
73 0 0 616.981 19.4019
74 0 0 616.981 19.4019
75 0 0 616.981 19.4019
76 0 0 616.981 19.4019
77 0 0 616.981 19.4019
78 0 0 616.981 19.4019
79 0 0 616.981 19.4019
80 0 0 616.981 19.4019
81 0 0 616.981 19.4019
82 0 0 616.981 19.4019
83 0 0 616.981 19.4019
84 0 0 616.981 19.4019
85 0 0 616.981 19.4019
86 0 0 616.981 19.4019
87 0 0 616.981 19.4019
88 0 0 616.981 19.4019
89 0 0 616.981 19.4019
90 0 0 616.981 19.4019
91 0 0 616.981 19.4019
92 0 0 616.981 19.4019
93 0 0 616.981 19.4019
94 0 0 616.981 19.4019
95 0 0 616.981 19.4019
96 0 0 616.981 19.4019
97 0 0 616.981 19.4019
98 0 0 616.981 19.4019
99 0 0 616.981 19.4019
