0 1196.95 477.059 1196.95 477.059
1 1196.95 477.059 1196.95 477.059
2 1196.95 477.059 1196.95 477.059
3 1196.95 477.059 1196.95 477.059
4 1196.95 477.059 1196.95 477.059
5 1196.95 477.059 1196.95 477.059
6 1196.95 477.059 1196.95 477.059
7 1196.95 477.059 1196.95 477.059
8 1196.95 477.059 1196.95 477.059
9 1196.95 477.059 1196.95 477.059
10 1196.95 477.059 1196.95 477.059
11 1195.9 476.849 1196.95 477.059
12 1193.58 476.218 1196.95 477.059
13 1189.58 474.743 1196.95 477.059
14 1178.84 473.062 1196.95 477.059
15 1160.95 468.436 1196.95 477.059
16 1140.09 461.683 1196.95 477.059
17 1107.39 449.679 1196.95 477.059
18 1058.27 434.094 1196.95 477.059
19 1003.7 410.499 1196.95 477.059
20 936.235 379.748 1196.95 477.059
21 849.633 343.887 1196.95 477.059
22 745.683 301.959 1196.95 477.059
23 631.043 257.107 1196.95 477.059
24 516.867 203.571 1196.95 477.059
25 400.742 156.801 1196.95 477.059
26 286.302 113.377 1196.95 477.059
27 198.225 79.0364 1196.95 477.059
28 119.64 46.9851 1196.95 477.059
29 50.9483 20.862 1196.95 477.059
30 0 0 1196.95 477.059
31 0 0 1196.95 477.059
32 0 0 1196.95 477.059
33 0 0 1196.95 477.059
34 0 0 1196.95 477.059
35 0 0 1196.95 477.059
36 0 0 1196.95 477.059
37 0 0 1196.95 477.059
38 0 0 1196.95 477.059
39 0 0 1196.95 477.059
40 0 0 1196.95 477.059
41 0 0 1196.95 477.059
42 0 0 1196.95 477.059
43 0 0 1196.95 477.059
44 0 0 1196.95 477.059
45 0 0 1196.95 477.059
46 0 0 1196.95 477.059
47 0 0 1196.95 477.059
48 0 0 1196.95 477.059
49 0 0 1196.95 477.059
50 0 0 1196.95 477.059
51 0 0 1196.95 477.059
52 0 0 1196.95 477.059
53 0 0 1196.95 477.059
54 0 0 1196.95 477.059
55 0 0 1196.95 477.059
56 0 0 1196.95 477.059
57 0 0 1196.95 477.059
58 0 0 1196.95 477.059
59 0 0 1196.95 477.059
60 0 0 1196.95 477.059
61 0 0 1196.95 477.059
62 0 0 1196.95 477.059
63 0 0 1196.95 477.059
64 0 0 1196.95 477.059
65 0 0 1196.95 477.059
66 0 0 1196.95 477.059
67 0 0 1196.95 477.059
68 0 0 1196.95 477.059
69 0 0 1196.95 477.059
70 0 0 1196.95 477.059
71 0 0 1196.95 477.059
72 0 0 1196.95 477.059
73 0 0 1196.95 477.059
74 0 0 1196.95 477.059
75 0 0 1196.95 477.059
76 0 0 1196.95 477.059
77 0 0 1196.95 477.059
78 0 0 1196.95 477.059
79 0 0 1196.95 477.059
80 0 0 1196.95 477.059
81 0 0 1196.95 477.059
82 0 0 1196.95 477.059
83 0 0 1196.95 477.059
84 0 0 1196.95 477.059
85 0 0 1196.95 477.059
86 0 0 1196.95 477.059
87 0 0 1196.95 477.059
88 0 0 1196.95 477.059
89 0 0 1196.95 477.059
90 0 0 1196.95 477.059
91 0 0 1196.95 477.059
92 0 0 1196.95 477.059
93 0 0 1196.95 477.059
94 0 0 1196.95 477.059
95 0 0 1196.95 477.059
96 0 0 1196.95 477.059
97 0 0 1196.95 477.059
98 0 0 1196.95 477.059
99 0 0 1196.95 477.059
