0 201.219 76.9075 201.219 76.9075
1 201.219 76.9075 201.219 76.9075
2 201.219 76.9075 201.219 76.9075
3 201.219 76.9075 201.219 76.9075
4 201.219 76.9075 201.219 76.9075
5 201.219 76.9075 201.219 76.9075
6 201.219 76.9075 201.219 76.9075
7 201.219 76.9075 201.219 76.9075
8 201.219 76.9075 201.219 76.9075
9 201.219 76.9075 201.219 76.9075
10 201.219 76.9075 201.219 76.9075
11 201.219 76.9075 201.219 76.9075
12 201.008 76.9075 201.219 76.9075
13 199.747 76.6975 201.219 76.9075
14 198.693 76.0674 201.219 76.9075
15 197.649 74.3785 201.219 76.9075
16 195.13 73.7534 201.219 76.9075
17 192.817 73.334 201.219 76.9075
18 188.403 71.6524 201.219 76.9075
19 183.998 70.1834 201.219 76.9075
20 179.166 68.0887 201.219 76.9075
21 170.544 65.9926 201.219 76.9075
22 162.352 61.3671 201.219 76.9075
23 152.274 57.7848 201.219 76.9075
24 137.157 52.9615 201.219 76.9075
25 117.632 47.2959 201.219 76.9075
26 102.706 40.3608 201.219 76.9075
27 84.0187 33.8515 201.219 76.9075
28 59.4524 23.1327 201.219 76.9075
29 32.5498 13.4466 201.219 76.9075
30 0 0 201.219 76.9075
31 0 0 201.219 76.9075
32 0 0 201.219 76.9075
33 0 0 201.219 76.9075
34 0 0 201.219 76.9075
35 0 0 201.219 76.9075
36 0 0 201.219 76.9075
37 0 0 201.219 76.9075
38 0 0 201.219 76.9075
39 0 0 201.219 76.9075
40 0 0 201.219 76.9075
41 0 0 201.219 76.9075
42 0 0 201.219 76.9075
43 0 0 201.219 76.9075
44 0 0 201.219 76.9075
45 0 0 201.219 76.9075
46 0 0 201.219 76.9075
47 0 0 201.219 76.9075
48 0 0 201.219 76.9075
49 0 0 201.219 76.9075
50 0 0 201.219 76.9075
51 0 0 201.219 76.9075
52 0 0 201.219 76.9075
53 0 0 201.219 76.9075
54 0 0 201.219 76.9075
55 0 0 201.219 76.9075
56 0 0 201.219 76.9075
57 0 0 201.219 76.9075
58 0 0 201.219 76.9075
59 0 0 201.219 76.9075
60 0 0 201.219 76.9075
61 0 0 201.219 76.9075
62 0 0 201.219 76.9075
63 0 0 201.219 76.9075
64 0 0 201.219 76.9075
65 0 0 201.219 76.9075
66 0 0 201.219 76.9075
67 0 0 201.219 76.9075
68 0 0 201.219 76.9075
69 0 0 201.219 76.9075
70 0 0 201.219 76.9075
71 0 0 201.219 76.9075
72 0 0 201.219 76.9075
73 0 0 201.219 76.9075
74 0 0 201.219 76.9075
75 0 0 201.219 76.9075
76 0 0 201.219 76.9075
77 0 0 201.219 76.9075
78 0 0 201.219 76.9075
79 0 0 201.219 76.9075
80 0 0 201.219 76.9075
81 0 0 201.219 76.9075
82 0 0 201.219 76.9075
83 0 0 201.219 76.9075
84 0 0 201.219 76.9075
85 0 0 201.219 76.9075
86 0 0 201.219 76.9075
87 0 0 201.219 76.9075
88 0 0 201.219 76.9075
89 0 0 201.219 76.9075
90 0 0 201.219 76.9075
91 0 0 201.219 76.9075
92 0 0 201.219 76.9075
93 0 0 201.219 76.9075
94 0 0 201.219 76.9075
95 0 0 201.219 76.9075
96 0 0 201.219 76.9075
97 0 0 201.219 76.9075
98 0 0 201.219 76.9075
99 0 0 201.219 76.9075
