0 0 0  258.453 100.468
1 0 0  258.453 100.468
2 0 0  258.453 100.468
3 0 0  258.453 100.468
4 0 0  258.453 100.468
5 0 0  258.453 100.468
6 0 0  258.453 100.468
7 0 0  258.453 100.468
8 0 0  258.453 100.468
9 0 0  258.453 100.468
10 0 0  258.453 100.468
11 0.401731 0  258.453 100.468
12 0.602025 0.200779  258.453 100.468
13 1.60292 0.601174  258.453 100.468
14 3.60771 0.601174  258.453 100.468
15 6.61917 1.20219  258.453 100.468
16 10.2383 2.40846  258.453 100.468
17 14.4521 3.01016  258.453 100.468
18 19.6655 5.41939  258.453 100.468
19 24.287 9.83439  258.453 100.468
20 31.5127 12.6454  258.453 100.468
21 41.563 16.8609  258.453 100.468
22 52.4637 23.282  258.453 100.468
23 65.9188 29.9079  258.453 100.468
24 84.1937 37.1405  258.453 100.468
25 102.442 45.7778  258.453 100.468
26 124.119 54.5993  258.453 100.468
27 150.178 65.6423  258.453 100.468
28 182.241 75.1774  258.453 100.468
29 219.581 90.2307  258.453 100.468
30 258.453 100.468  258.453 100.468
31 258.453 100.468  258.453 100.468
32 258.453 100.468  258.453 100.468
33 258.453 100.468  258.453 100.468
34 258.453 100.468  258.453 100.468
35 258.453 100.468  258.453 100.468
36 258.453 100.468  258.453 100.468
37 258.453 100.468  258.453 100.468
38 258.453 100.468  258.453 100.468
39 258.453 100.468  258.453 100.468
40 258.453 100.468  258.453 100.468
41 258.453 100.468  258.453 100.468
42 258.453 100.468  258.453 100.468
43 258.453 100.468  258.453 100.468
44 258.453 100.468  258.453 100.468
45 258.453 100.468  258.453 100.468
46 258.453 100.468  258.453 100.468
47 258.453 100.468  258.453 100.468
48 258.453 100.468  258.453 100.468
49 258.453 100.468  258.453 100.468
50 258.453 100.468  258.453 100.468
51 258.453 100.468  258.453 100.468
52 258.453 100.468  258.453 100.468
53 258.453 100.468  258.453 100.468
54 258.453 100.468  258.453 100.468
55 258.453 100.468  258.453 100.468
56 258.453 100.468  258.453 100.468
57 258.453 100.468  258.453 100.468
58 258.453 100.468  258.453 100.468
59 258.453 100.468  258.453 100.468
60 258.453 100.468  258.453 100.468
61 258.453 100.468  258.453 100.468
62 258.453 100.468  258.453 100.468
63 258.453 100.468  258.453 100.468
64 258.453 100.468  258.453 100.468
65 258.453 100.468  258.453 100.468
66 258.453 100.468  258.453 100.468
67 258.453 100.468  258.453 100.468
68 258.453 100.468  258.453 100.468
69 258.453 100.468  258.453 100.468
70 258.453 100.468  258.453 100.468
71 258.453 100.468  258.453 100.468
72 258.453 100.468  258.453 100.468
73 258.453 100.468  258.453 100.468
74 258.453 100.468  258.453 100.468
75 258.453 100.468  258.453 100.468
76 258.453 100.468  258.453 100.468
77 258.453 100.468  258.453 100.468
78 258.453 100.468  258.453 100.468
79 258.453 100.468  258.453 100.468
80 258.453 100.468  258.453 100.468
81 258.453 100.468  258.453 100.468
82 258.453 100.468  258.453 100.468
83 258.453 100.468  258.453 100.468
84 258.453 100.468  258.453 100.468
85 258.453 100.468  258.453 100.468
86 258.453 100.468  258.453 100.468
87 258.453 100.468  258.453 100.468
88 258.453 100.468  258.453 100.468
89 258.453 100.468  258.453 100.468
90 258.453 100.468  258.453 100.468
91 258.453 100.468  258.453 100.468
92 258.453 100.468  258.453 100.468
93 258.453 100.468  258.453 100.468
94 258.453 100.468  258.453 100.468
95 258.453 100.468  258.453 100.468
96 258.453 100.468  258.453 100.468
97 258.453 100.468  258.453 100.468
98 258.453 100.468  258.453 100.468
99 258.453 100.468  258.453 100.468
