0 0 0 308.021 102.674
1 0 0 308.021 102.674
2 0 0 308.021 102.674
3 0 0 308.021 102.674
4 0 0 308.021 102.674
5 0 0 308.021 102.674
6 0 0 308.021 102.674
7 0 0 308.021 102.674
8 0 0 308.021 102.674
9 0 0 308.021 102.674
10 0 0 308.021 102.674
11 0 0 308.021 102.674
12 0 0 308.021 102.674
13 0 0 308.021 102.674
14 0 0 308.021 102.674
15 0 0 308.021 102.674
16 0 0 308.021 102.674
17 0 0 308.021 102.674
18 0 0 308.021 102.674
19 0 0 308.021 102.674
20 0 0 308.021 102.674
21 0 0 308.021 102.674
22 0 0 308.021 102.674
23 0 0 308.021 102.674
24 0 0 308.021 102.674
25 0 0 308.021 102.674
26 0 0 308.021 102.674
27 0 0 308.021 102.674
28 0 0 308.021 102.674
29 0 0 308.021 102.674
30 0 0 308.021 102.674
31 0 0 308.021 102.674
32 0 0 308.021 102.674
33 0 0 308.021 102.674
34 0 0 308.021 102.674
35 0 0 308.021 102.674
36 0 0 308.021 102.674
37 0 0 308.021 102.674
38 0 0 308.021 102.674
39 102.674 0 308.021 102.674
40 102.674 0 308.021 102.674
41 102.674 0 308.021 102.674
42 102.674 0 308.021 102.674
43 102.674 0 308.021 102.674
44 102.674 0 308.021 102.674
45 102.674 0 308.021 102.674
46 102.674 0 308.021 102.674
47 205.348 0 308.021 102.674
48 205.348 0 308.021 102.674
49 205.348 0 308.021 102.674
50 205.348 0 308.021 102.674
51 205.348 0 308.021 102.674
52 205.348 0 308.021 102.674
53 205.348 0 308.021 102.674
54 205.348 0 308.021 102.674
55 205.348 0 308.021 102.674
56 205.348 102.674 308.021 102.674
57 205.348 102.674 308.021 102.674
58 205.348 102.674 308.021 102.674
59 205.348 102.674 308.021 102.674
60 205.348 102.674 308.021 102.674
61 205.348 102.674 308.021 102.674
62 205.348 102.674 308.021 102.674
63 205.348 102.674 308.021 102.674
64 205.348 102.674 308.021 102.674
65 205.348 102.674 308.021 102.674
66 205.348 102.674 308.021 102.674
67 205.348 102.674 308.021 102.674
68 205.348 102.674 308.021 102.674
69 205.348 102.674 308.021 102.674
70 205.348 102.674 308.021 102.674
71 205.348 102.674 308.021 102.674
72 205.348 102.674 308.021 102.674
73 205.348 102.674 308.021 102.674
74 205.348 102.674 308.021 102.674
75 205.348 102.674 308.021 102.674
76 205.348 102.674 308.021 102.674
77 205.348 102.674 308.021 102.674
78 205.348 102.674 308.021 102.674
79 205.348 102.674 308.021 102.674
80 205.348 102.674 308.021 102.674
81 205.348 102.674 308.021 102.674
82 205.348 102.674 308.021 102.674
83 205.348 102.674 308.021 102.674
84 205.348 102.674 308.021 102.674
85 205.348 102.674 308.021 102.674
86 205.348 102.674 308.021 102.674
87 205.348 102.674 308.021 102.674
88 205.348 102.674 308.021 102.674
89 205.348 102.674 308.021 102.674
90 205.348 102.674 308.021 102.674
91 205.348 102.674 308.021 102.674
92 205.348 102.674 308.021 102.674
93 205.348 102.674 308.021 102.674
94 205.348 102.674 308.021 102.674
95 205.348 102.674 308.021 102.674
96 205.348 102.674 308.021 102.674
97 205.348 102.674 308.021 102.674
98 205.348 102.674 308.021 102.674
99 205.348 102.674 308.021 102.674
