0 0 0 4443.04 7.76077
1 0 0 4443.04 7.76077
2 0 0 4443.04 7.76077
3 0 0 4443.04 7.76077
4 0 0 4443.04 7.76077
5 0 0 4443.04 7.76077
6 0 0 4443.04 7.76077
7 0 0 4443.04 7.76077
8 0 0 4443.04 7.76077
9 0 0 4443.04 7.76077
10 0 0 4443.04 7.76077
11 0 0 4443.04 7.76077
12 0 0 4443.04 7.76077
13 0 0 4443.04 7.76077
14 0 0 4443.04 7.76077
15 0 0 4443.04 7.76077
16 0 0 4443.04 7.76077
17 0 0 4443.04 7.76077
18 0 0 4443.04 7.76077
19 0 0 4443.04 7.76077
20 0 0 4443.04 7.76077
21 0 0 4443.04 7.76077
22 0 0 4443.04 7.76077
23 0 0 4443.04 7.76077
24 0 0 4443.04 7.76077
25 0 0 4443.04 7.76077
26 0 0 4443.04 7.76077
27 0 0 4443.04 7.76077
28 0 0 4443.04 7.76077
29 0 0 4443.04 7.76077
30 0 0 4443.04 7.76077
31 73.7273 0 4443.04 7.76077
32 166.857 0 4443.04 7.76077
33 248.345 0 4443.04 7.76077
34 376.397 0 4443.04 7.76077
35 442.364 0 4443.04 7.76077
36 539.373 0 4443.04 7.76077
37 601.46 0 4443.04 7.76077
38 698.469 0 4443.04 7.76077
39 799.359 0 4443.04 7.76077
40 904.13 0 4443.04 7.76077
41 1047.7 0 4443.04 7.76077
42 1202.92 0 4443.04 7.76077
43 1307.69 0 4443.04 7.76077
44 1459.02 0 4443.04 7.76077
45 1590.96 0 4443.04 7.76077
46 1730.65 0 4443.04 7.76077
47 1928.55 0 4443.04 7.76077
48 2017.8 0 4443.04 7.76077
49 2176.9 -3.88038 4443.04 7.76077
50 2374.8 -3.88038 4443.04 7.76077
51 2533.89 -3.88038 4443.04 7.76077
52 2677.47 -3.88038 4443.04 7.76077
53 2747.31 0 4443.04 7.76077
54 2902.53 0 4443.04 7.76077
55 3030.58 0 4443.04 7.76077
56 3115.95 0 4443.04 7.76077
57 3224.6 -3.88038 4443.04 7.76077
58 3333.25 0 4443.04 7.76077
59 3360.41 -3.88038 4443.04 7.76077
60 3449.66 -3.88038 4443.04 7.76077
61 3523.39 3.88038 4443.04 7.76077
62 3566.07 3.88038 4443.04 7.76077
63 3647.56 7.76077 4443.04 7.76077
64 3694.13 7.76077 4443.04 7.76077
65 3729.05 7.76077 4443.04 7.76077
66 3806.66 7.76077 4443.04 7.76077
67 3837.7 7.76077 4443.04 7.76077
68 3860.98 7.76077 4443.04 7.76077
69 3892.03 7.76077 4443.04 7.76077
70 3938.59 7.76077 4443.04 7.76077
71 3954.11 7.76077 4443.04 7.76077
72 3992.92 7.76077 4443.04 7.76077
73 4004.56 7.76077 4443.04 7.76077
74 3992.92 7.76077 4443.04 7.76077
75 4035.6 7.76077 4443.04 7.76077
76 4066.64 7.76077 4443.04 7.76077
77 4062.76 7.76077 4443.04 7.76077
78 4086.04 7.76077 4443.04 7.76077
79 4117.09 7.76077 4443.04 7.76077
80 4120.97 7.76077 4443.04 7.76077
81 4136.49 7.76077 4443.04 7.76077
82 4155.89 7.76077 4443.04 7.76077
83 4179.17 7.76077 4443.04 7.76077
84 4190.81 7.76077 4443.04 7.76077
85 4229.62 7.76077 4443.04 7.76077
86 4237.38 7.76077 4443.04 7.76077
87 4237.38 11.6412 4443.04 7.76077
88 4245.14 11.6412 4443.04 7.76077
89 4260.66 11.6412 4443.04 7.76077
90 4283.94 11.6412 4443.04 7.76077
91 4295.59 11.6412 4443.04 7.76077
92 4299.47 11.6412 4443.04 7.76077
93 4311.11 11.6412 4443.04 7.76077
94 4314.99 11.6412 4443.04 7.76077
95 4314.99 11.6412 4443.04 7.76077
96 4322.75 11.6412 4443.04 7.76077
97 4322.75 11.6412 4443.04 7.76077
98 4318.87 11.6412 4443.04 7.76077
99 4322.75 11.6412 4443.04 7.76077
