0 0 0  307.382 130.163
1 0 0  307.382 130.163
2 0 0  307.382 130.163
3 0 0  307.382 130.163
4 0 0  307.382 130.163
5 0 0  307.382 130.163
6 0 0  307.382 130.163
7 0 0  307.382 130.163
8 0 0  307.382 130.163
9 0 0  307.382 130.163
10 0 0  307.382 130.163
11 0 0  307.382 130.163
12 0 0  307.382 130.163
13 0 0  307.382 130.163
14 0 0  307.382 130.163
15 0 0  307.382 130.163
16 0 0  307.382 130.163
17 0 0  307.382 130.163
18 0 0  307.382 130.163
19 0 0  307.382 130.163
20 0 0  307.382 130.163
21 0 0  307.382 130.163
22 0 0  307.382 130.163
23 0 0  307.382 130.163
24 0 0  307.382 130.163
25 0 0  307.382 130.163
26 0 0  307.382 130.163
27 0 0  307.382 130.163
28 0 0  307.382 130.163
29 0 0  307.382 130.163
30 0 0  307.382 130.163
31 41.6281 19.3244  307.382 130.163
32 82.9612 35.6846  307.382 130.163
33 112.375 49.6576  307.382 130.163
34 140.034 59.1557  307.382 130.163
35 159.636 71.0345  307.382 130.163
36 180.442 78.4743  307.382 130.163
37 196.495 82.637  307.382 130.163
38 209.558 87.6905  307.382 130.163
39 218.459 92.1412  307.382 130.163
40 223.507 96.6006  307.382 130.163
41 230.644 101.065  307.382 130.163
42 240.149 103.734  307.382 130.163
43 246.993 107.001  307.382 130.163
44 252.354 107.89  307.382 130.163
45 255.333 110.86  307.382 130.163
46 258.901 112.648  307.382 130.163
47 261.88 113.837  307.382 130.163
48 263.366 115.914  307.382 130.163
49 266.941 116.508  307.382 130.163
50 269.62 117.4  307.382 130.163
51 270.51 117.996  307.382 130.163
52 271.996 117.995  307.382 130.163
53 273.773 119.176  307.382 130.163
54 274.965 119.77  307.382 130.163
55 276.451 120.955  307.382 130.163
56 278.238 121.845  307.382 130.163
57 280.021 122.144  307.382 130.163
58 281.209 122.144  307.382 130.163
59 282.097 123.035  307.382 130.163
60 284.183 123.633  307.382 130.163
61 284.774 123.633  307.382 130.163
62 286.267 124.521  307.382 130.163
63 288.051 124.821  307.382 130.163
64 288.346 124.821  307.382 130.163
65 289.537 125.118  307.382 130.163
66 290.431 124.819  307.382 130.163
67 291.327 125.112  307.382 130.163
68 292.221 125.409  307.382 130.163
69 292.818 126.599  307.382 130.163
70 293.115 126.896  307.382 130.163
71 293.115 126.896  307.382 130.163
72 294.007 127.195  307.382 130.163
73 294.007 127.195  307.382 130.163
74 294.306 127.792  307.382 130.163
75 294.902 127.792  307.382 130.163
76 295.199 128.086  307.382 130.163
77 295.493 128.086  307.382 130.163
78 295.792 128.086  307.382 130.163
79 295.792 128.385  307.382 130.163
80 296.09 128.385  307.382 130.163
81 296.681 128.385  307.382 130.163
82 296.681 128.385  307.382 130.163
83 296.681 128.385  307.382 130.163
84 296.981 128.385  307.382 130.163
85 297.869 128.682  307.382 130.163
86 298.465 128.682  307.382 130.163
87 298.764 128.682  307.382 130.163
88 298.764 128.682  307.382 130.163
89 299.358 128.682  307.382 130.163
90 299.358 128.979  307.382 130.163
91 299.653 129.276  307.382 130.163
92 299.653 129.276  307.382 130.163
93 299.949 129.276  307.382 130.163
94 299.949 129.572  307.382 130.163
95 299.949 129.572  307.382 130.163
96 300.246 129.572  307.382 130.163
97 300.543 129.572  307.382 130.163
98 300.543 129.572  307.382 130.163
99 300.842 129.572  307.382 130.163
