0 0 0  619.645 224.737
1 0 0  619.645 224.737
2 0 0  619.645 224.737
3 0 0  619.645 224.737
4 0 0  619.645 224.737
5 0 0  619.645 224.737
6 0 0  619.645 224.737
7 0 0  619.645 224.737
8 0 0  619.645 224.737
9 0 0  619.645 224.737
10 0 0  619.645 224.737
11 0 0  619.645 224.737
12 0 0  619.645 224.737
13 0 0  619.645 224.737
14 0 0  619.645 224.737
15 0 0  619.645 224.737
16 0 0  619.645 224.737
17 0 0  619.645 224.737
18 0 0  619.645 224.737
19 0 0  619.645 224.737
20 0 0  619.645 224.737
21 0 0  619.645 224.737
22 0 0  619.645 224.737
23 0 0  619.645 224.737
24 0 0  619.645 224.737
25 0 0  619.645 224.737
26 0 0  619.645 224.737
27 0 0  619.645 224.737
28 0 0  619.645 224.737
29 0 0  619.645 224.737
30 0 0  619.645 224.737
31 34.1267 9.89743  619.645 224.737
32 70.1606 22.9535  619.645 224.737
33 102.824 41.9091  619.645 224.737
34 152.32 58.1032  619.645 224.737
35 195.501 73.6789  619.645 224.737
36 248.793 91.3622  619.645 224.737
37 294.471 108.218  619.645 224.737
38 348.197 124.646  619.645 224.737
39 394.082 141.306  619.645 224.737
40 429.072 155.203  619.645 224.737
41 464.454 166.788  619.645 224.737
42 487.607 176.899  619.645 224.737
43 510.129 182.378  619.645 224.737
44 526.766 187.859  619.645 224.737
45 537.299 191.867  619.645 224.737
46 546.985 195.234  619.645 224.737
47 556.454 198.815  619.645 224.737
48 563.835 201.339  619.645 224.737
49 568.673 204.928  619.645 224.737
50 573.093 207.665  619.645 224.737
51 578.368 209.771  619.645 224.737
52 581.736 210.819  619.645 224.737
53 584.891 211.454  619.645 224.737
54 587.21 213.561  619.645 224.737
55 589.742 214.195  619.645 224.737
56 592.051 215.039  619.645 224.737
57 594.368 215.885  619.645 224.737
58 595.844 216.095  619.645 224.737
59 597.321 216.726  619.645 224.737
60 598.798 217.148  619.645 224.737
61 600.487 217.78  619.645 224.737
62 602.171 218.203  619.645 224.737
63 605.121 218.415  619.645 224.737
64 605.332 218.838  619.645 224.737
65 606.383 219.47  619.645 224.737
66 606.593 219.47  619.645 224.737
67 607.227 219.893  619.645 224.737
68 607.648 220.312  619.645 224.737
69 608.701 220.312  619.645 224.737
70 609.123 220.523  619.645 224.737
71 609.123 220.735  619.645 224.737
72 609.334 221.366  619.645 224.737
73 609.545 221.576  619.645 224.737
74 609.964 221.576  619.645 224.737
75 610.175 221.576  619.645 224.737
76 610.804 221.786  619.645 224.737
77 611.225 221.786  619.645 224.737
78 611.436 221.786  619.645 224.737
79 612.065 221.994  619.645 224.737
80 612.276 222.418  619.645 224.737
81 613.119 222.418  619.645 224.737
82 613.327 222.418  619.645 224.737
83 613.747 222.629  619.645 224.737
84 613.957 222.629  619.645 224.737
85 613.957 222.629  619.645 224.737
86 613.957 222.629  619.645 224.737
87 613.957 222.629  619.645 224.737
88 614.378 222.84  619.645 224.737
89 614.378 223.053  619.645 224.737
90 614.378 223.053  619.645 224.737
91 614.589 223.053  619.645 224.737
92 615.008 223.053  619.645 224.737
93 615.43 223.053  619.645 224.737
94 615.641 223.053  619.645 224.737
95 615.641 223.053  619.645 224.737
96 615.854 223.264  619.645 224.737
97 616.275 223.682  619.645 224.737
98 616.487 223.682  619.645 224.737
99 616.699 223.682  619.645 224.737
