0 0 0  618.015 231.293
1 0 0  618.015 231.293
2 0 0  618.015 231.293
3 0 0  618.015 231.293
4 0 0  618.015 231.293
5 0 0  618.015 231.293
6 0 0  618.015 231.293
7 0 0  618.015 231.293
8 0 0  618.015 231.293
9 0 0  618.015 231.293
10 0 0  618.015 231.293
11 0 0  618.015 231.293
12 0 0  618.015 231.293
13 0 0  618.015 231.293
14 0 0  618.015 231.293
15 0 0  618.015 231.293
16 0 0  618.015 231.293
17 0 0  618.015 231.293
18 0 0  618.015 231.293
19 0 0  618.015 231.293
20 0 0  618.015 231.293
21 0 0  618.015 231.293
22 0 0  618.015 231.293
23 0 0  618.015 231.293
24 0 0  618.015 231.293
25 0 0  618.015 231.293
26 0 0  618.015 231.293
27 0 0  618.015 231.293
28 0 0  618.015 231.293
29 0 0  618.015 231.293
30 0 0  618.015 231.293
31 41.5511 13.347  618.015 231.293
32 87.9421 30.7754  618.015 231.293
33 139.873 48.6337  618.015 231.293
34 191.929 70.9096  618.015 231.293
35 242.725 94.3777  618.015 231.293
36 296.927 112.033  618.015 231.293
37 348.063 130.691  618.015 231.293
38 391.741 148.137  618.015 231.293
39 427.204 160.566  618.015 231.293
40 457.5 170.813  618.015 231.293
41 484.777 177.239  618.015 231.293
42 503.25 184.072  618.015 231.293
43 516.62 188.491  618.015 231.293
44 526.859 192.446  618.015 231.293
45 536.902 196.813  618.015 231.293
46 545.332 198.818  618.015 231.293
47 551.954 200.83  618.015 231.293
48 556.964 203.847  618.015 231.293
49 564.805 206.051  618.015 231.293
50 568.423 208.663  618.015 231.293
51 572.64 210.47  618.015 231.293
52 575.649 212.274  618.015 231.293
53 578.264 213.479  618.015 231.293
54 580.674 214.883  618.015 231.293
55 583.289 215.639  618.015 231.293
56 585.299 217.039  618.015 231.293
57 588.313 217.44  618.015 231.293
58 589.315 219.04  618.015 231.293
59 590.319 219.845  618.015 231.293
60 591.728 220.645  618.015 231.293
61 593.134 221.251  618.015 231.293
62 594.739 221.652  618.015 231.293
63 596.141 222.654  618.015 231.293
64 596.743 224.061  618.015 231.293
65 597.751 224.46  618.015 231.293
66 598.151 224.661  618.015 231.293
67 598.752 225.268  618.015 231.293
68 599.958 225.469  618.015 231.293
69 600.961 225.871  618.015 231.293
70 601.56 226.271  618.015 231.293
71 602.562 226.271  618.015 231.293
72 603.368 226.271  618.015 231.293
73 604.377 226.473  618.015 231.293
74 604.578 226.473  618.015 231.293
75 605.179 226.673  618.015 231.293
76 605.579 226.875  618.015 231.293
77 606.183 226.875  618.015 231.293
78 606.183 226.875  618.015 231.293
79 606.783 226.875  618.015 231.293
80 607.184 227.075  618.015 231.293
81 607.184 227.476  618.015 231.293
82 607.383 227.476  618.015 231.293
83 607.583 227.677  618.015 231.293
84 607.784 227.879  618.015 231.293
85 608.586 227.879  618.015 231.293
86 608.986 228.28  618.015 231.293
87 610.393 228.28  618.015 231.293
88 610.996 228.883  618.015 231.293
89 611.197 228.883  618.015 231.293
90 611.603 228.883  618.015 231.293
91 611.803 228.883  618.015 231.293
92 612.202 228.883  618.015 231.293
93 612.802 229.083  618.015 231.293
94 613.405 229.083  618.015 231.293
95 613.604 229.083  618.015 231.293
96 613.604 229.083  618.015 231.293
97 613.604 229.284  618.015 231.293
98 613.604 229.284  618.015 231.293
99 613.604 229.284  618.015 231.293
