0 618.015 231.293 618.015 231.293
1 618.015 231.293 618.015 231.293
2 618.015 231.293 618.015 231.293
3 618.015 231.293 618.015 231.293
4 618.015 231.293 618.015 231.293
5 618.015 231.293 618.015 231.293
6 618.015 231.293 618.015 231.293
7 618.015 231.293 618.015 231.293
8 618.015 231.293 618.015 231.293
9 618.015 231.293 618.015 231.293
10 618.015 231.293 618.015 231.293
11 618.015 231.293 618.015 231.293
12 618.015 231.293 618.015 231.293
13 618.015 231.293 618.015 231.293
14 618.015 231.293 618.015 231.293
15 618.015 231.293 618.015 231.293
16 618.015 231.293 618.015 231.293
17 618.015 231.293 618.015 231.293
18 618.015 231.293 618.015 231.293
19 618.015 231.293 618.015 231.293
20 618.015 231.293 618.015 231.293
21 618.015 231.293 618.015 231.293
22 618.015 231.293 618.015 231.293
23 618.015 231.293 618.015 231.293
24 618.015 231.293 618.015 231.293
25 618.015 231.293 618.015 231.293
26 618.015 231.293 618.015 231.293
27 618.015 231.293 618.015 231.293
28 618.015 231.293 618.015 231.293
29 618.015 231.293 618.015 231.293
30 618.015 231.293 618.015 231.293
31 576.464 217.946 618.015 231.293
32 530.073 200.518 618.015 231.293
33 478.142 182.66 618.015 231.293
34 426.085 160.384 618.015 231.293
35 375.289 136.916 618.015 231.293
36 321.088 119.261 618.015 231.293
37 269.952 100.603 618.015 231.293
38 226.274 83.1559 618.015 231.293
39 190.811 70.7269 618.015 231.293
40 160.515 60.4804 618.015 231.293
41 133.238 54.0547 618.015 231.293
42 114.765 47.2211 618.015 231.293
43 101.395 42.8022 618.015 231.293
44 91.1557 38.8471 618.015 231.293
45 81.1129 34.4802 618.015 231.293
46 72.6831 32.4756 618.015 231.293
47 66.0611 30.4628 618.015 231.293
48 61.0508 27.4459 618.015 231.293
49 53.2098 25.2423 618.015 231.293
50 49.5922 22.6299 618.015 231.293
51 45.3746 20.8231 618.015 231.293
52 42.3657 19.019 618.015 231.293
53 39.7513 17.8142 618.015 231.293
54 37.3412 16.4106 618.015 231.293
55 34.7262 15.654 618.015 231.293
56 32.7159 14.2543 618.015 231.293
57 29.7016 13.853 618.015 231.293
58 28.6995 12.2533 618.015 231.293
59 27.6963 11.4481 618.015 231.293
60 26.2872 10.6483 618.015 231.293
61 24.8806 10.0419 618.015 231.293
62 23.276 9.64091 618.015 231.293
63 21.874 8.63884 618.015 231.293
64 21.2716 7.23256 618.015 231.293
65 20.2638 6.83277 618.015 231.293
66 19.8642 6.63273 618.015 231.293
67 19.2629 6.02534 618.015 231.293
68 18.0569 5.82405 618.015 231.293
69 17.0543 5.42253 618.015 231.293
70 16.4544 5.02179 618.015 231.293
71 15.4527 5.02179 618.015 231.293
72 14.6473 5.02179 618.015 231.293
73 13.638 4.82 618.015 231.293
74 13.4367 4.82 618.015 231.293
75 12.8359 4.61986 618.015 231.293
76 12.4357 4.41863 618.015 231.293
77 11.8317 4.41863 618.015 231.293
78 11.8317 4.41863 618.015 231.293
79 11.2314 4.41863 618.015 231.293
80 10.8307 4.21796 618.015 231.293
81 10.8307 3.81731 618.015 231.293
82 10.6315 3.81731 618.015 231.293
83 10.4319 3.61599 618.015 231.293
84 10.2306 3.41464 618.015 231.293
85 9.4292 3.41464 618.015 231.293
86 9.02935 3.01316 618.015 231.293
87 7.62204 3.01316 618.015 231.293
88 7.01882 2.41029 618.015 231.293
89 6.81739 2.41029 618.015 231.293
90 6.41173 2.41029 618.015 231.293
91 6.21163 2.41029 618.015 231.293
92 5.8126 2.41029 618.015 231.293
93 5.2129 2.20977 618.015 231.293
94 4.60954 2.20977 618.015 231.293
95 4.41041 2.20977 618.015 231.293
96 4.41041 2.20977 618.015 231.293
97 4.41041 2.00896 618.015 231.293
98 4.41041 2.00896 618.015 231.293
99 4.41041 2.00896 618.015 231.293
