0 0 0  438.378 181.392
1 0 0  438.378 181.392
2 0 0  438.378 181.392
3 0 0  438.378 181.392
4 0 0  438.378 181.392
5 0 0  438.378 181.392
6 0 0  438.378 181.392
7 0 0  438.378 181.392
8 0 0  438.378 181.392
9 0 0  438.378 181.392
10 0 0  438.378 181.392
11 0 0  438.378 181.392
12 0 0  438.378 181.392
13 0 0  438.378 181.392
14 0 0  438.378 181.392
15 0 0  438.378 181.392
16 0 0  438.378 181.392
17 0 0  438.378 181.392
18 0 0  438.378 181.392
19 0 0  438.378 181.392
20 0 0  438.378 181.392
21 0 0  438.378 181.392
22 0 0  438.378 181.392
23 0 0  438.378 181.392
24 0 0  438.378 181.392
25 0 0  438.378 181.392
26 0 0  438.378 181.392
27 0 0  438.378 181.392
28 0 0  438.378 181.392
29 0 0  438.378 181.392
30 0 0  438.378 181.392
31 75.7321 32.0033  438.378 181.392
32 140.767 57.3117  438.378 181.392
33 184.264 75.0782  438.378 181.392
34 218.879 89.7292  438.378 181.392
35 249.736 106.589  438.378 181.392
36 268.809 113.919  438.378 181.392
37 288.543 122.796  438.378 181.392
38 302.523 130.33  438.378 181.392
39 319.379 136.332  438.378 181.392
40 332.915 139.881  438.378 181.392
41 342.248 144.992  438.378 181.392
42 354.015 148.761  438.378 181.392
43 360.462 150.977  438.378 181.392
44 364.9 152.75  438.378 181.392
45 371.78 153.64  438.378 181.392
46 378.222 154.976  438.378 181.392
47 381.554 156.749  438.378 181.392
48 388.208 157.857  438.378 181.392
49 391.976 158.739  438.378 181.392
50 394.418 160.516  438.378 181.392
51 397.971 162.741  438.378 181.392
52 400.414 164.523  438.378 181.392
53 403.959 164.745  438.378 181.392
54 405.286 165.412  438.378 181.392
55 408.401 166.082  438.378 181.392
56 410.179 167.849  438.378 181.392
57 412.172 168.739  438.378 181.392
58 413.506 169.183  438.378 181.392
59 415.063 170.067  438.378 181.392
60 416.173 170.069  438.378 181.392
61 418.172 171.183  438.378 181.392
62 419.283 171.628  438.378 181.392
63 420.397 172.738  438.378 181.392
64 421.062 173.626  438.378 181.392
65 421.505 173.851  438.378 181.392
66 421.952 174.518  438.378 181.392
67 422.841 174.962  438.378 181.392
68 423.283 175.184  438.378 181.392
69 424.169 175.405  438.378 181.392
70 425.28 175.405  438.378 181.392
71 425.725 175.852  438.378 181.392
72 427.058 175.852  438.378 181.392
73 427.282 175.852  438.378 181.392
74 427.95 176.295  438.378 181.392
75 428.618 176.965  438.378 181.392
76 428.839 177.408  438.378 181.392
77 429.062 177.628  438.378 181.392
78 429.504 177.851  438.378 181.392
79 429.947 178.073  438.378 181.392
80 430.392 178.295  438.378 181.392
81 431.056 178.517  438.378 181.392
82 431.497 178.517  438.378 181.392
83 431.497 178.517  438.378 181.392
84 431.497 178.517  438.378 181.392
85 431.497 178.737  438.378 181.392
86 431.719 178.957  438.378 181.392
87 431.719 178.957  438.378 181.392
88 431.719 178.957  438.378 181.392
89 431.719 179.177  438.378 181.392
90 431.942 179.177  438.378 181.392
91 432.387 179.177  438.378 181.392
92 432.387 179.177  438.378 181.392
93 432.387 179.177  438.378 181.392
94 432.387 179.177  438.378 181.392
95 432.609 179.177  438.378 181.392
96 432.609 179.177  438.378 181.392
97 432.832 179.4  438.378 181.392
98 432.832 179.4  438.378 181.392
99 433.275 179.62  438.378 181.392
