0 80.8016 32.9962 80.8016 32.9962
1 80.8016 32.9962 80.8016 32.9962
2 80.8016 32.9962 80.8016 32.9962
3 80.8016 32.9962 80.8016 32.9962
4 80.8016 32.9962 80.8016 32.9962
5 80.8016 32.9962 80.8016 32.9962
6 80.8016 32.9962 80.8016 32.9962
7 80.8016 32.9962 80.8016 32.9962
8 80.8016 32.9962 80.8016 32.9962
9 80.8016 32.9962 80.8016 32.9962
10 80.8016 32.9962 80.8016 32.9962
11 80.8016 32.9962 80.8016 32.9962
12 80.8016 32.9962 80.8016 32.9962
13 80.8016 32.9962 80.8016 32.9962
14 80.8016 32.9962 80.8016 32.9962
15 80.8016 32.9962 80.8016 32.9962
16 80.8016 32.9962 80.8016 32.9962
17 80.8016 32.9962 80.8016 32.9962
18 80.8016 32.9962 80.8016 32.9962
19 80.8016 32.9962 80.8016 32.9962
20 80.8016 32.9962 80.8016 32.9962
21 80.8016 32.9962 80.8016 32.9962
22 80.8016 32.9962 80.8016 32.9962
23 80.8016 32.9962 80.8016 32.9962
24 80.8016 32.9962 80.8016 32.9962
25 80.8016 32.9962 80.8016 32.9962
26 80.8016 32.9962 80.8016 32.9962
27 80.8016 32.9962 80.8016 32.9962
28 80.8016 32.9962 80.8016 32.9962
29 80.8016 32.9962 80.8016 32.9962
30 80.8016 32.9962 80.8016 32.9962
31 80.8016 32.9962 80.8016 32.9962
32 80.282 32.4765 80.8016 32.9962
33 80.0222 31.9569 80.8016 32.9962
34 78.9829 31.9569 80.8016 32.9962
35 78.9829 31.6971 80.8016 32.9962
36 78.2035 31.4373 80.8016 32.9962
37 77.6839 31.1775 80.8016 32.9962
38 77.1642 31.1775 80.8016 32.9962
39 76.125 30.1382 80.8016 32.9962
40 75.3455 29.8784 80.8016 32.9962
41 74.5661 29.3588 80.8016 32.9962
42 74.0465 29.3588 80.8016 32.9962
43 71.968 29.099 80.8016 32.9962
44 71.1886 28.5793 80.8016 32.9962
45 70.9287 28.3195 80.8016 32.9962
46 70.1493 28.0597 80.8016 32.9962
47 69.6297 26.7607 80.8016 32.9962
48 68.8502 25.9812 80.8016 32.9962
49 68.0708 25.7214 80.8016 32.9962
50 66.2521 25.4616 80.8016 32.9962
51 65.2129 25.4616 80.8016 32.9962
52 63.9138 25.2018 80.8016 32.9962
53 62.8746 24.942 80.8016 32.9962
54 61.3157 23.9027 80.8016 32.9962
55 60.2764 23.6429 80.8016 32.9962
56 59.7568 23.3831 80.8016 32.9962
57 59.2372 23.1233 80.8016 32.9962
58 58.9774 22.084 80.8016 32.9962
59 57.1587 21.3046 80.8016 32.9962
60 55.8596 21.3046 80.8016 32.9962
61 53.5213 21.0448 80.8016 32.9962
62 53.0017 21.0448 80.8016 32.9962
63 51.9624 20.5252 80.8016 32.9962
64 51.4428 19.4859 80.8016 32.9962
65 50.6634 18.9663 80.8016 32.9962
66 49.1045 17.927 80.8016 32.9962
67 48.0653 17.6672 80.8016 32.9962
68 46.2466 17.1476 80.8016 32.9962
69 44.9475 16.3682 80.8016 32.9962
70 44.1681 15.8485 80.8016 32.9962
71 42.869 15.3289 80.8016 32.9962
72 41.0503 14.8093 80.8016 32.9962
73 40.2709 14.5495 80.8016 32.9962
74 39.7513 14.2897 80.8016 32.9962
75 38.1924 13.77 80.8016 32.9962
76 37.1531 13.2504 80.8016 32.9962
77 36.6335 12.471 80.8016 32.9962
78 35.3345 12.471 80.8016 32.9962
79 34.2952 12.2112 80.8016 32.9962
80 32.9962 11.6916 80.8016 32.9962
81 32.9962 11.6916 80.8016 32.9962
82 31.9569 11.6916 80.8016 32.9962
83 30.398 11.6916 80.8016 32.9962
84 29.3588 10.9121 80.8016 32.9962
85 28.0597 10.1327 80.8016 32.9962
86 27.5401 10.1327 80.8016 32.9962
87 26.7607 9.35324 80.8016 32.9962
88 26.7607 9.09343 80.8016 32.9962
89 26.7607 8.83362 80.8016 32.9962
90 26.241 8.83362 80.8016 32.9962
91 25.2018 8.31399 80.8016 32.9962
92 23.9027 8.05418 80.8016 32.9962
93 23.6429 8.05418 80.8016 32.9962
94 23.1233 8.05418 80.8016 32.9962
95 22.084 7.79437 80.8016 32.9962
96 22.084 7.79437 80.8016 32.9962
97 21.3046 7.53455 80.8016 32.9962
98 20.5252 7.53455 80.8016 32.9962
99 19.4859 7.27474 80.8016 32.9962
