0 0 0  185.311 1.95064
1 0 0  185.311 1.95064
2 0 0  185.311 1.95064
3 0 0  185.311 1.95064
4 0 0  185.311 1.95064
5 0 0  185.311 1.95064
6 0 0  185.311 1.95064
7 0 0  185.311 1.95064
8 0 0  185.311 1.95064
9 0 0  185.311 1.95064
10 0 0  185.311 1.95064
11 0 0  185.311 1.95064
12 0 0  185.311 1.95064
13 0 0  185.311 1.95064
14 0 0  185.311 1.95064
15 0 0  185.311 1.95064
16 0 0  185.311 1.95064
17 0 0  185.311 1.95064
18 0 0  185.311 1.95064
19 0 0  185.311 1.95064
20 0 0  185.311 1.95064
21 0 0  185.311 1.95064
22 0 0  185.311 1.95064
23 0 0  185.311 1.95064
24 0 0  185.311 1.95064
25 0 0  185.311 1.95064
26 0 0  185.311 1.95064
27 0 0  185.311 1.95064
28 0 0  185.311 1.95064
29 0 0  185.311 1.95064
30 0 0  185.311 1.95064
31 3.90129 0  185.311 1.95064
32 3.90129 0  185.311 1.95064
33 13.6545 0  185.311 1.95064
34 23.4077 0  185.311 1.95064
35 29.2597 0  185.311 1.95064
36 39.0129 0  185.311 1.95064
37 40.9635 0  185.311 1.95064
38 46.8155 0  185.311 1.95064
39 46.8155 0  185.311 1.95064
40 58.5193 0  185.311 1.95064
41 60.47 0  185.311 1.95064
42 66.3219 0  185.311 1.95064
43 70.2232 0  185.311 1.95064
44 74.1245 0  185.311 1.95064
45 72.1738 0  185.311 1.95064
46 76.0751 0  185.311 1.95064
47 74.1245 0  185.311 1.95064
48 74.1245 1.95064  185.311 1.95064
49 79.9764 1.95064  185.311 1.95064
50 85.8283 1.95064  185.311 1.95064
51 91.6803 1.95064  185.311 1.95064
52 91.6803 1.95064  185.311 1.95064
53 93.6309 1.95064  185.311 1.95064
54 91.6803 1.95064  185.311 1.95064
55 93.6309 1.95064  185.311 1.95064
56 95.5816 1.95064  185.311 1.95064
57 99.4828 1.95064  185.311 1.95064
58 97.5322 1.95064  185.311 1.95064
59 101.433 1.95064  185.311 1.95064
60 107.285 1.95064  185.311 1.95064
61 109.236 3.90129  185.311 1.95064
62 113.137 3.90129  185.311 1.95064
63 115.088 3.90129  185.311 1.95064
64 118.989 3.90129  185.311 1.95064
65 124.841 3.90129  185.311 1.95064
66 126.792 3.90129  185.311 1.95064
67 132.644 3.90129  185.311 1.95064
68 136.545 3.90129  185.311 1.95064
69 138.496 3.90129  185.311 1.95064
70 140.446 3.90129  185.311 1.95064
71 142.397 3.90129  185.311 1.95064
72 146.298 3.90129  185.311 1.95064
73 150.2 3.90129  185.311 1.95064
74 150.2 3.90129  185.311 1.95064
75 150.2 3.90129  185.311 1.95064
76 150.2 3.90129  185.311 1.95064
77 150.2 3.90129  185.311 1.95064
78 152.15 3.90129  185.311 1.95064
79 152.15 3.90129  185.311 1.95064
80 152.15 3.90129  185.311 1.95064
81 152.15 3.90129  185.311 1.95064
82 152.15 3.90129  185.311 1.95064
83 152.15 3.90129  185.311 1.95064
84 152.15 3.90129  185.311 1.95064
85 152.15 3.90129  185.311 1.95064
86 156.052 3.90129  185.311 1.95064
87 156.052 3.90129  185.311 1.95064
88 159.953 3.90129  185.311 1.95064
89 161.903 3.90129  185.311 1.95064
90 165.805 3.90129  185.311 1.95064
91 163.854 3.90129  185.311 1.95064
92 163.854 3.90129  185.311 1.95064
93 161.903 3.90129  185.311 1.95064
94 163.854 3.90129  185.311 1.95064
95 163.854 3.90129  185.311 1.95064
96 165.805 3.90129  185.311 1.95064
97 167.755 3.90129  185.311 1.95064
98 167.755 3.90129  185.311 1.95064
99 167.755 3.90129  185.311 1.95064
