0 2149.08 15.5374 2149.08 15.5374
1 2149.08 15.5374 2149.08 15.5374
2 2149.08 15.5374 2149.08 15.5374
3 2149.08 15.5374 2149.08 15.5374
4 2149.08 15.5374 2149.08 15.5374
5 2149.08 15.5374 2149.08 15.5374
6 2149.08 15.5374 2149.08 15.5374
7 2149.08 15.5374 2149.08 15.5374
8 2149.08 15.5374 2149.08 15.5374
9 2149.08 15.5374 2149.08 15.5374
10 2149.08 15.5374 2149.08 15.5374
11 2149.08 15.5374 2149.08 15.5374
12 2149.08 15.5374 2149.08 15.5374
13 2149.08 15.5374 2149.08 15.5374
14 2149.08 15.5374 2149.08 15.5374
15 2149.08 15.5374 2149.08 15.5374
16 2149.08 15.5374 2149.08 15.5374
17 2149.08 15.5374 2149.08 15.5374
18 2149.08 15.5374 2149.08 15.5374
19 2149.08 15.5374 2149.08 15.5374
20 2149.08 15.5374 2149.08 15.5374
21 2149.08 15.5374 2149.08 15.5374
22 2149.08 15.5374 2149.08 15.5374
23 2149.08 15.5374 2149.08 15.5374
24 2149.08 15.5374 2149.08 15.5374
25 2149.08 15.5374 2149.08 15.5374
26 2149.08 15.5374 2149.08 15.5374
27 2149.08 15.5374 2149.08 15.5374
28 2149.08 15.5374 2149.08 15.5374
29 2149.08 15.5374 2149.08 15.5374
30 2149.08 15.5374 2149.08 15.5374
31 2139.11 15.3176 2149.08 15.5374
32 2128.75 15.1056 2149.08 15.5374
33 2117.35 14.9957 2149.08 15.5374
34 2105.39 14.8465 2149.08 15.5374
35 2092.92 14.6738 2149.08 15.5374
36 2079.48 14.4854 2149.08 15.5374
37 2065.36 14.4304 2149.08 15.5374
38 2049.14 14.2106 2149.08 15.5374
39 2032.97 14.0065 2149.08 15.5374
40 2014.69 13.8259 2149.08 15.5374
41 1993.25 13.6689 2149.08 15.5374
42 1971.55 13.3627 2149.08 15.5374
43 1946.53 13.1899 2149.08 15.5374
44 1920.22 12.8366 2149.08 15.5374
45 1890.64 12.5933 2149.08 15.5374
46 1858.1 12.2949 2149.08 15.5374
47 1822.9 12.0829 2149.08 15.5374
48 1783.34 11.8003 2149.08 15.5374
49 1743.15 11.5648 2149.08 15.5374
50 1701.71 11.1643 2149.08 15.5374
51 1659.19 10.9445 2149.08 15.5374
52 1616.4 10.6697 2149.08 15.5374
53 1573.81 10.3871 2149.08 15.5374
54 1531.9 10.2379 2149.08 15.5374
55 1489.82 10.0338 2149.08 15.5374
56 1448.53 9.73543 2149.08 15.5374
57 1407.66 9.45279 2149.08 15.5374
58 1366.94 9.28792 2149.08 15.5374
59 1326.69 9.02098 2149.08 15.5374
60 1288.45 8.76974 2149.08 15.5374
61 1250.47 8.5028 2149.08 15.5374
62 1214.11 8.31437 2149.08 15.5374
63 1179.79 8.05529 2149.08 15.5374
64 1145.17 7.83545 2149.08 15.5374
65 1112.25 7.50571 2149.08 15.5374
66 1080.22 7.32513 2149.08 15.5374
67 1049.06 7.08174 2149.08 15.5374
68 1018.45 6.99538 2149.08 15.5374
69 989.042 6.85406 2149.08 15.5374
70 960.259 6.63423 2149.08 15.5374
71 932.537 6.45365 2149.08 15.5374
72 904.995 6.25737 2149.08 15.5374
73 878.513 6.04539 2149.08 15.5374
74 853.46 5.85696 2149.08 15.5374
75 828.588 5.69994 2149.08 15.5374
76 805.709 5.48796 2149.08 15.5374
77 783.412 5.25242 2149.08 15.5374
78 761.389 5.0797 2149.08 15.5374
79 739.76 4.88342 2149.08 15.5374
80 719.849 4.7264 2149.08 15.5374
81 699.507 4.56937 2149.08 15.5374
82 680.059 4.44375 2149.08 15.5374
83 661.036 4.20822 2149.08 15.5374
84 643.52 4.04335 2149.08 15.5374
85 626.656 3.94913 2149.08 15.5374
86 609.477 3.80781 2149.08 15.5374
87 593.406 3.73715 2149.08 15.5374
88 577.547 3.69004 2149.08 15.5374
89 562.724 3.54872 2149.08 15.5374
90 547.689 3.47806 2149.08 15.5374
91 533.816 3.44666 2149.08 15.5374
92 519.951 3.35244 2149.08 15.5374
93 506.816 3.29749 2149.08 15.5374
94 493.712 3.18757 2149.08 15.5374
95 480.585 3.15616 2149.08 15.5374
96 468.494 3.06195 2149.08 15.5374
97 456.686 3.01484 2149.08 15.5374
98 445.349 2.89708 2149.08 15.5374
99 434.09 2.78716 2149.08 15.5374
