0 414.32 0 414.32 0
1 414.32 0 414.32 0
2 414.32 0 414.32 0
3 414.32 0 414.32 0
4 414.32 0 414.32 0
5 414.32 0 414.32 0
6 414.32 0 414.32 0
7 414.32 0 414.32 0
8 414.32 0 414.32 0
9 414.32 0 414.32 0
10 414.32 0 414.32 0
11 413.268 0 414.32 0
12 411.376 0 414.32 0
13 409.899 0 414.32 0
14 405.27 0 414.32 0
15 399.791 0 414.32 0
16 392.831 0 414.32 0
17 381.229 0 414.32 0
18 365.612 0 414.32 0
19 350.436 0 414.32 0
20 330.429 0 414.32 0
21 305.156 0 414.32 0
22 275.623 0 414.32 0
23 245.902 0 414.32 0
24 216.378 0 414.32 0
25 184.762 0 414.32 0
26 158.01 0 414.32 0
27 137.785 0 414.32 0
28 118.197 0 414.32 0
29 99.0459 0 414.32 0
30 86.6263 0 414.32 0
31 77.9709 0 414.32 0
32 66.3822 0 414.32 0
33 55.0126 0 414.32 0
34 46.5836 0 414.32 0
35 40.2776 0 414.32 0
36 34.5915 0 414.32 0
37 31.2196 0 414.32 0
38 28.6902 0 414.32 0
39 26.1579 0 414.32 0
40 23.4103 0 414.32 0
41 21.0968 0 414.32 0
42 17.3001 0 414.32 0
43 15.6092 0 414.32 0
44 14.1315 0 414.32 0
45 13.2862 0 414.32 0
46 12.2347 0 414.32 0
47 11.3884 0 414.32 0
48 10.7599 0 414.32 0
49 9.91278 0 414.32 0
50 9.06691 0 414.32 0
51 8.85743 0 414.32 0
52 8.43867 0 414.32 0
53 7.80873 0 414.32 0
54 7.80873 0 414.32 0
55 7.387 0 414.32 0
56 7.387 0 414.32 0
57 6.96465 0 414.32 0
58 6.75335 0 414.32 0
59 6.75335 0 414.32 0
60 5.90605 0 414.32 0
61 5.4861 0 414.32 0
62 5.27402 0 414.32 0
63 5.27402 0 414.32 0
64 5.06413 0 414.32 0
65 4.85431 0 414.32 0
66 4.85431 0 414.32 0
67 4.85431 0 414.32 0
68 4.64474 0 414.32 0
69 4.43595 0 414.32 0
70 4.43595 0 414.32 0
71 4.22617 0 414.32 0
72 4.22617 0 414.32 0
73 4.22617 0 414.32 0
74 3.80304 0 414.32 0
75 3.59057 0 414.32 0
76 2.95683 0 414.32 0
77 2.74555 0 414.32 0
78 2.74555 0 414.32 0
79 2.11052 0 414.32 0
80 1.90044 0 414.32 0
81 1.68918 0 414.32 0
82 1.68918 0 414.32 0
83 1.68918 0 414.32 0
84 1.47649 0 414.32 0
85 1.47649 0 414.32 0
86 1.47649 0 414.32 0
87 1.47649 0 414.32 0
88 1.47649 0 414.32 0
89 1.47649 0 414.32 0
90 1.47649 0 414.32 0
91 1.47649 0 414.32 0
92 1.47649 0 414.32 0
93 1.47649 0 414.32 0
94 1.47649 0 414.32 0
95 1.47649 0 414.32 0
96 1.26604 0 414.32 0
97 1.26604 0 414.32 0
98 1.05655 0 414.32 0
99 0.844469 0 414.32 0
