0 0 0  1314.92 523.096
1 0 0  1314.92 523.096
2 0 0  1314.92 523.096
3 0 0  1314.92 523.096
4 0 0  1314.92 523.096
5 0 0  1314.92 523.096
6 0 0  1314.92 523.096
7 0 0  1314.92 523.096
8 0 0  1314.92 523.096
9 0 0  1314.92 523.096
10 0 0  1314.92 523.096
11 3.00967 0  1314.92 523.096
12 5.62534 1.00156  1314.92 523.096
13 8.22937 2.00207  1314.92 523.096
14 13.4467 3.20648  1314.92 523.096
15 19.2026 4.20849  1314.92 523.096
16 25.8321 8.17984  1314.92 523.096
17 36.2775 10.1847  1314.92 523.096
18 48.7113 13.7952  1314.92 523.096
19 60.1592 20.4212  1314.92 523.096
20 73.2049 24.8413  1314.92 523.096
21 88.7931 32.208  1314.92 523.096
22 109.321 43.46  1314.92 523.096
23 132.42 54.9099  1314.92 523.096
24 159.121 66.359  1314.92 523.096
25 188.813 79.408  1314.92 523.096
26 224.739 92.2308  1314.92 523.096
27 262.851 108.898  1314.92 523.096
28 309.592 127.461  1314.92 523.096
29 360.97 150.138  1314.92 523.096
30 413.498 166.998  1314.92 523.096
31 472.921 190.395  1314.92 523.096
32 541.19 214.662  1314.92 523.096
33 608.766 240.148  1314.92 523.096
34 680.094 270.662  1314.92 523.096
35 752.385 303.673  1314.92 523.096
36 830.263 331.973  1314.92 523.096
37 897.445 360.429  1314.92 523.096
38 960.671 386.313  1314.92 523.096
39 1011.99 405.367  1314.92 523.096
40 1061.9 423.456  1314.92 523.096
41 1103.01 435.1  1314.92 523.096
42 1133.11 447.152  1314.92 523.096
43 1155.7 455.192  1314.92 523.096
44 1173.58 462.559  1314.92 523.096
45 1189.44 468.935  1314.92 523.096
46 1203.69 472.55  1314.92 523.096
47 1216.68 475.965  1314.92 523.096
48 1224.5 480.187  1314.92 523.096
49 1234.95 483.587  1314.92 523.096
50 1241.92 487.004  1314.92 523.096
51 1249.34 490.618  1314.92 523.096
52 1254.16 493.023  1314.92 523.096
53 1257.18 495.035  1314.92 523.096
54 1261.39 497.848  1314.92 523.096
55 1265.21 499.81  1314.92 523.096
56 1268.62 501.21  1314.92 523.096
57 1273.04 502.01  1314.92 523.096
58 1275.45 504.412  1314.92 523.096
59 1277.46 506.021  1314.92 523.096
60 1280.67 506.822  1314.92 523.096
61 1282.88 508.033  1314.92 523.096
62 1285.08 508.835  1314.92 523.096
63 1287.09 510.238  1314.92 523.096
64 1287.89 511.644  1314.92 523.096
65 1289.3 512.444  1314.92 523.096
66 1290.3 512.644  1314.92 523.096
67 1291.31 513.652  1314.92 523.096
68 1292.71 514.055  1314.92 523.096
69 1294.11 514.659  1314.92 523.096
70 1294.71 515.06  1314.92 523.096
71 1296.31 515.06  1314.92 523.096
72 1297.32 515.06  1314.92 523.096
73 1298.72 515.662  1314.92 523.096
74 1299.48 515.662  1314.92 523.096
75 1300.28 516.064  1314.92 523.096
76 1300.68 516.265  1314.92 523.096
77 1301.48 516.265  1314.92 523.096
78 1301.48 516.466  1314.92 523.096
79 1302.08 516.667  1314.92 523.096
80 1302.48 516.868  1314.92 523.096
81 1302.69 517.468  1314.92 523.096
82 1302.89 517.468  1314.92 523.096
83 1303.28 517.669  1314.92 523.096
84 1303.49 518.476  1314.92 523.096
85 1304.29 518.476  1314.92 523.096
86 1304.69 518.877  1314.92 523.096
87 1306.29 518.877  1314.92 523.096
88 1306.9 519.679  1314.92 523.096
89 1307.3 519.881  1314.92 523.096
90 1308.11 519.881  1314.92 523.096
91 1308.31 519.881  1314.92 523.096
92 1308.71 519.881  1314.92 523.096
93 1309.31 520.081  1314.92 523.096
94 1309.71 520.081  1314.92 523.096
95 1309.91 520.081  1314.92 523.096
96 1309.91 520.283  1314.92 523.096
97 1309.91 520.484  1314.92 523.096
98 1309.91 520.484  1314.92 523.096
99 1309.91 520.484  1314.92 523.096
