0 797.875 447.198 797.875 447.198
1 797.875 447.198 797.875 447.198
2 797.875 447.198 797.875 447.198
3 797.875 447.198 797.875 447.198
4 797.875 447.198 797.875 447.198
5 797.875 447.198 797.875 447.198
6 797.875 447.198 797.875 447.198
7 797.875 447.198 797.875 447.198
8 797.875 447.198 797.875 447.198
9 797.875 447.198 797.875 447.198
10 797.875 447.198 797.875 447.198
11 796.605 446.777 797.875 447.198
12 794.081 445.932 797.875 447.198
13 790.703 442.775 797.875 447.198
14 784.583 441.303 797.875 447.198
15 773.436 434.763 797.875 447.198
16 760.364 428.852 797.875 447.198
17 740.779 419.592 797.875 447.198
18 714.85 406.532 797.875 447.198
19 681.974 389.48 797.875 447.198
20 648.43 365.898 797.875 447.198
21 604.588 341.235 797.875 447.198
22 551.881 314.672 797.875 447.198
23 491.215 280.799 797.875 447.198
24 431.598 242.04 797.875 447.198
25 368.586 207.07 797.875 447.198
26 309.989 179.259 797.875 447.198
27 268.469 153.542 797.875 447.198
28 228.21 129.941 797.875 447.198
29 193.032 109.933 797.875 447.198
30 167.972 96.2422 797.875 447.198
31 142.681 82.7608 797.875 447.198
32 120.971 71.6087 797.875 447.198
33 103.486 61.9363 797.875 447.198
34 90.6267 53.7061 797.875 447.198
35 79.4375 46.5386 797.875 447.198
36 70.5956 40.8469 797.875 447.198
37 61.0925 37.2676 797.875 447.198
38 55.1792 33.0487 797.875 447.198
39 50.1271 30.3205 797.875 447.198
40 45.4965 26.1069 797.875 447.198
41 38.5456 23.1634 797.875 447.198
42 35.3839 21.2695 797.875 447.198
43 31.3792 19.1632 797.875 447.198
44 29.9051 17.2706 797.875 447.198
45 27.7948 16.2167 797.875 447.198
46 25.8967 15.1655 797.875 447.198
47 23.5821 14.5381 797.875 447.198
48 22.3196 13.4863 797.875 447.198
49 20.2126 12.6442 797.875 447.198
50 18.3201 11.8048 797.875 447.198
51 16.8494 10.7486 797.875 447.198
52 15.7989 10.3263 797.875 447.198
53 15.587 9.06044 797.875 447.198
54 14.5334 8.63841 797.875 447.198
55 13.2657 8.00471 797.875 447.198
56 12.8452 7.37344 797.875 447.198
57 12.6327 7.16097 797.875 447.198
58 11.5834 6.52788 797.875 447.198
59 10.5385 6.52788 797.875 447.198
60 10.5385 6.31874 797.875 447.198
61 10.1161 5.89995 797.875 447.198
62 9.902 5.26793 797.875 447.198
63 9.477 4.84933 797.875 447.198
64 9.05346 4.84933 797.875 447.198
65 8.63073 4.63679 797.875 447.198
66 8.21078 4.8473 797.875 447.198
67 8.00032 4.42762 797.875 447.198
68 7.58067 4.21694 797.875 447.198
69 7.16249 3.79244 797.875 447.198
70 6.95079 3.58281 797.875 447.198
71 6.74096 3.37514 797.875 447.198
72 6.31879 3.37514 797.875 447.198
73 6.10812 2.95119 797.875 447.198
74 5.89675 2.95119 797.875 447.198
75 5.47344 2.95119 797.875 447.198
76 5.47344 2.32115 797.875 447.198
77 5.26375 2.32115 797.875 447.198
78 5.05418 2.10998 797.875 447.198
79 5.05418 1.8996 797.875 447.198
80 5.05418 1.8996 797.875 447.198
81 4.42257 1.8996 797.875 447.198
82 4.21405 1.8996 797.875 447.198
83 4.00502 1.68872 797.875 447.198
84 3.79457 1.47592 797.875 447.198
85 3.79457 1.47592 797.875 447.198
86 3.79457 1.47592 797.875 447.198
87 3.79457 1.05439 797.875 447.198
88 3.58467 1.05439 797.875 447.198
89 3.58467 1.05439 797.875 447.198
90 3.37565 0.63194 797.875 447.198
91 3.37565 0.63194 797.875 447.198
92 3.16411 0.63194 797.875 447.198
93 3.16411 0.419862 797.875 447.198
94 3.16411 0.419862 797.875 447.198
95 3.16411 0.419862 797.875 447.198
96 3.16411 0.419862 797.875 447.198
97 3.16411 0.419862 797.875 447.198
98 2.9546 0.419862 797.875 447.198
99 2.9546 0.419862 797.875 447.198
