0 358.269 0.220735 358.269 0.220735
1 358.269 0.220735 358.269 0.220735
2 358.269 0.220735 358.269 0.220735
3 358.269 0.220735 358.269 0.220735
4 358.269 0.220735 358.269 0.220735
5 358.269 0.220735 358.269 0.220735
6 358.269 0.220735 358.269 0.220735
7 358.269 0.220735 358.269 0.220735
8 358.269 0.220735 358.269 0.220735
9 358.269 0.220735 358.269 0.220735
10 358.269 0.220735 358.269 0.220735
11 358.048 0.220735 358.269 0.220735
12 356.931 0.220735 358.269 0.220735
13 354.707 0.220735 358.269 0.220735
14 351.141 0.220735 358.269 0.220735
15 347.36 0.220735 358.269 0.220735
16 343.578 0.220735 358.269 0.220735
17 338.029 0.220735 358.269 0.220735
18 330.709 0.220735 358.269 0.220735
19 321.833 0.220735 358.269 0.220735
20 311.172 0.220735 358.269 0.220735
21 301.638 0.220735 358.269 0.220735
22 289.195 0.220735 358.269 0.220735
23 275.681 0.220735 358.269 0.220735
24 258.145 0.220735 358.269 0.220735
25 238.835 0.220735 358.269 0.220735
26 219.549 0.220735 358.269 0.220735
27 197.14 0.220735 358.269 0.220735
28 175.623 0.220735 358.269 0.220735
29 149.197 0.220735 358.269 0.220735
30 126.968 0 358.269 0.220735
31 103.905 0 358.269 0.220735
32 86.1475 0 358.269 0.220735
33 75.0365 0 358.269 0.220735
34 65.2698 0 358.269 0.220735
35 55.495 0 358.269 0.220735
36 49.7192 0 358.269 0.220735
37 42.8347 0 358.269 0.220735
38 39.0618 0 358.269 0.220735
39 35.2922 0 358.269 0.220735
40 31.0721 0 358.269 0.220735
41 27.0711 0 358.269 0.220735
42 23.9716 0 358.269 0.220735
43 20.4218 0 358.269 0.220735
44 19.3119 0 358.269 0.220735
45 18.2017 0 358.269 0.220735
46 16.2011 0 358.269 0.220735
47 15.5372 0 358.269 0.220735
48 13.5418 0 358.269 0.220735
49 12.6545 0 358.269 0.220735
50 12.4335 0 358.269 0.220735
51 11.1012 0 358.269 0.220735
52 10.2106 0 358.269 0.220735
53 9.76829 0 358.269 0.220735
54 9.32619 0 358.269 0.220735
55 8.66084 0 358.269 0.220735
56 7.99107 0 358.269 0.220735
57 7.77067 0 358.269 0.220735
58 7.55094 0 358.269 0.220735
59 7.10679 0 358.269 0.220735
60 6.44179 0 358.269 0.220735
61 5.55702 0 358.269 0.220735
62 5.33296 0 358.269 0.220735
63 5.10736 0 358.269 0.220735
64 4.88619 0 358.269 0.220735
65 4.88619 0 358.269 0.220735
66 4.66284 0 358.269 0.220735
67 4.21763 0 358.269 0.220735
68 3.99634 0 358.269 0.220735
69 3.77428 0 358.269 0.220735
70 3.55271 0 358.269 0.220735
71 3.32885 0 358.269 0.220735
72 3.10845 0 358.269 0.220735
73 2.88445 0 358.269 0.220735
74 2.6619 0 358.269 0.220735
75 2.6619 0 358.269 0.220735
76 2.6619 0 358.269 0.220735
77 2.6619 0 358.269 0.220735
78 2.6619 0 358.269 0.220735
79 2.43942 0 358.269 0.220735
80 2.21688 0 358.269 0.220735
81 1.77383 0 358.269 0.220735
82 1.77383 0 358.269 0.220735
83 1.77383 0 358.269 0.220735
84 1.77383 0 358.269 0.220735
85 1.77383 0 358.269 0.220735
86 1.55186 0 358.269 0.220735
87 1.55186 0 358.269 0.220735
88 1.55186 0 358.269 0.220735
89 1.55186 0 358.269 0.220735
90 1.55186 0 358.269 0.220735
91 1.55186 0 358.269 0.220735
92 1.55186 0 358.269 0.220735
93 1.55186 0 358.269 0.220735
94 1.55186 0 358.269 0.220735
95 1.33037 0 358.269 0.220735
96 1.33037 0 358.269 0.220735
97 1.33037 0 358.269 0.220735
98 1.33037 0 358.269 0.220735
99 1.11073 0 358.269 0.220735
