0 420.324 0.296675 420.324 0.296675
1 420.324 0.296675 420.324 0.296675
2 420.324 0.296675 420.324 0.296675
3 420.324 0.296675 420.324 0.296675
4 420.324 0.296675 420.324 0.296675
5 420.324 0.296675 420.324 0.296675
6 420.324 0.296675 420.324 0.296675
7 420.324 0.296675 420.324 0.296675
8 420.324 0.296675 420.324 0.296675
9 420.324 0.296675 420.324 0.296675
10 420.324 0.296675 420.324 0.296675
11 418.243 0.296675 420.324 0.296675
12 415.27 0.296675 420.324 0.296675
13 411.099 0.296675 420.324 0.296675
14 402.776 0.296675 420.324 0.296675
15 390.886 0.296675 420.324 0.296675
16 377.515 0.296675 420.324 0.296675
17 353.721 0.296675 420.324 0.296675
18 331.13 0.296675 420.324 0.296675
19 304.697 0.296675 420.324 0.296675
20 278.252 0.296675 420.324 0.296675
21 247.318 0.296675 420.324 0.296675
22 221.173 0.296675 420.324 0.296675
23 197.39 0.296675 420.324 0.296675
24 170.636 0 420.324 0.296675
25 151.034 0 420.324 0.296675
26 131.972 0 420.324 0.296675
27 115.036 0 420.324 0.296675
28 98.9715 0 420.324 0.296675
29 86.5014 0 420.324 0.296675
30 77.2772 0 420.324 0.296675
31 66.8738 0 420.324 0.296675
32 56.4551 0 420.324 0.296675
33 50.5153 0 420.324 0.296675
34 45.7652 0 420.324 0.296675
35 41.9097 0 420.324 0.296675
36 36.5541 0 420.324 0.296675
37 33.2797 0 420.324 0.296675
38 30.903 0 420.324 0.296675
39 27.3491 0 420.324 0.296675
40 25.2648 0 420.324 0.296675
41 23.4849 0 420.324 0.296675
42 19.316 0 420.324 0.296675
43 16.6443 0 420.324 0.296675
44 15.4533 0 420.324 0.296675
45 14.8553 0 420.324 0.296675
46 14.2619 0 420.324 0.296675
47 13.0767 0 420.324 0.296675
48 12.4823 0 420.324 0.296675
49 11.5884 0 420.324 0.296675
50 11.2889 0 420.324 0.296675
51 10.6951 0 420.324 0.296675
52 9.79925 0 420.324 0.296675
53 9.21002 0 420.324 0.296675
54 8.91455 0 420.324 0.296675
55 8.32076 0 420.324 0.296675
56 7.43199 0 420.324 0.296675
57 6.84019 0 420.324 0.296675
58 6.83919 0 420.324 0.296675
59 6.24622 0 420.324 0.296675
60 5.35582 0 420.324 0.296675
61 5.35582 0 420.324 0.296675
62 5.35582 0 420.324 0.296675
63 4.76524 0 420.324 0.296675
64 4.76524 0 420.324 0.296675
65 4.46713 0 420.324 0.296675
66 4.17066 0 420.324 0.296675
67 4.17066 0 420.324 0.296675
68 3.87015 0 420.324 0.296675
69 3.87015 0 420.324 0.296675
70 3.87015 0 420.324 0.296675
71 3.87015 0 420.324 0.296675
72 3.57332 0 420.324 0.296675
73 3.57332 0 420.324 0.296675
74 3.57332 0 420.324 0.296675
75 3.27401 0 420.324 0.296675
76 2.97717 0 420.324 0.296675
77 2.38874 0 420.324 0.296675
78 2.08932 0 420.324 0.296675
79 2.08932 0 420.324 0.296675
80 1.79162 0 420.324 0.296675
81 1.49686 0 420.324 0.296675
82 1.49686 0 420.324 0.296675
83 1.49686 0 420.324 0.296675
84 1.49686 0 420.324 0.296675
85 1.49686 0 420.324 0.296675
86 1.49686 0 420.324 0.296675
87 1.49686 0 420.324 0.296675
88 1.49686 0 420.324 0.296675
89 1.49686 0 420.324 0.296675
90 1.49686 0 420.324 0.296675
91 1.49686 0 420.324 0.296675
92 1.49686 0 420.324 0.296675
93 1.49686 0 420.324 0.296675
94 1.49686 0 420.324 0.296675
95 1.49686 0 420.324 0.296675
96 1.49686 0 420.324 0.296675
97 1.49686 0 420.324 0.296675
98 1.49686 0 420.324 0.296675
99 1.19807 0 420.324 0.296675
