0 222.653 0 222.653 0
1 222.653 0 222.653 0
2 222.653 0 222.653 0
3 222.653 0 222.653 0
4 222.653 0 222.653 0
5 222.653 0 222.653 0
6 222.653 0 222.653 0
7 222.653 0 222.653 0
8 222.653 0 222.653 0
9 222.653 0 222.653 0
10 222.653 0 222.653 0
11 222.356 0 222.653 0
12 221.162 0 222.653 0
13 219.072 0 222.653 0
14 215.51 0 222.653 0
15 210.162 0 222.653 0
16 200.354 0 222.653 0
17 190.838 0 222.653 0
18 178.071 0 222.653 0
19 163.815 0 222.653 0
20 150.447 0 222.653 0
21 135.284 0 222.653 0
22 122.209 0 222.653 0
23 109.719 0 222.653 0
24 98.7376 0 222.653 0
25 84.7598 0 222.653 0
26 73.1602 0 222.653 0
27 64.8296 0 222.653 0
28 57.3817 0 222.653 0
29 51.4429 0 222.653 0
30 46.6786 0 222.653 0
31 39.8329 0 222.653 0
32 35.3785 0 222.653 0
33 31.224 0 222.653 0
34 27.0574 0 222.653 0
35 22.0129 0 222.653 0
36 18.7371 0 222.653 0
37 16.3576 0 222.653 0
38 14.5729 0 222.653 0
39 13.6796 0 222.653 0
40 12.7893 0 222.653 0
41 11.0111 0 222.653 0
42 8.93244 0 222.653 0
43 8.93244 0 222.653 0
44 8.33335 0 222.653 0
45 8.03602 0 222.653 0
46 8.03602 0 222.653 0
47 7.73973 0 222.653 0
48 7.4423 0 222.653 0
49 7.14384 0 222.653 0
50 6.25317 0 222.653 0
51 6.25317 0 222.653 0
52 6.25317 0 222.653 0
53 5.9563 0 222.653 0
54 5.9563 0 222.653 0
55 5.6564 0 222.653 0
56 5.06066 0 222.653 0
57 5.06066 0 222.653 0
58 5.06066 0 222.653 0
59 5.06066 0 222.653 0
60 4.76135 0 222.653 0
61 4.16744 0 222.653 0
62 4.16532 0 222.653 0
63 3.57238 0 222.653 0
64 3.57238 0 222.653 0
65 2.97885 0 222.653 0
66 2.67976 0 222.653 0
67 2.38294 0 222.653 0
68 2.08636 0 222.653 0
69 1.78545 0 222.653 0
70 1.78545 0 222.653 0
71 1.78545 0 222.653 0
72 1.19084 0 222.653 0
73 1.19084 0 222.653 0
74 1.19084 0 222.653 0
75 1.19084 0 222.653 0
76 1.19084 0 222.653 0
77 1.19084 0 222.653 0
78 1.19084 0 222.653 0
79 1.19084 0 222.653 0
80 1.19084 0 222.653 0
81 0.894209 0 222.653 0
82 0.894209 0 222.653 0
83 0.894209 0 222.653 0
84 0.894209 0 222.653 0
85 0.894209 0 222.653 0
86 0.297799 0 222.653 0
87 0.297799 0 222.653 0
88 0.297799 0 222.653 0
89 0 0 222.653 0
90 0 0 222.653 0
91 0 0 222.653 0
92 0 0 222.653 0
93 0 0 222.653 0
94 0 0 222.653 0
95 0 0 222.653 0
96 0 0 222.653 0
97 0 0 222.653 0
98 0 0 222.653 0
99 0 0 222.653 0
