0 211.246 0.208492 211.246 0.208492
1 211.246 0.208492 211.246 0.208492
2 211.246 0.208492 211.246 0.208492
3 211.246 0.208492 211.246 0.208492
4 211.246 0.208492 211.246 0.208492
5 211.246 0.208492 211.246 0.208492
6 211.246 0.208492 211.246 0.208492
7 211.246 0.208492 211.246 0.208492
8 211.246 0.208492 211.246 0.208492
9 211.246 0.208492 211.246 0.208492
10 211.246 0.208492 211.246 0.208492
11 211.246 0.208492 211.246 0.208492
12 210.823 0.208492 211.246 0.208492
13 209.769 0.208492 211.246 0.208492
14 207.447 0.208492 211.246 0.208492
15 204.07 0.208492 211.246 0.208492
16 200.698 0.208492 211.246 0.208492
17 196.06 0.208492 211.246 0.208492
18 190.584 0.208492 211.246 0.208492
19 184.041 0.208492 211.246 0.208492
20 175.617 0.208492 211.246 0.208492
21 162.751 0.208492 211.246 0.208492
22 147.373 0.208492 211.246 0.208492
23 135.998 0.208492 211.246 0.208492
24 117.863 0.208492 211.246 0.208492
25 103.3 0.208492 211.246 0.208492
26 86.0016 0 211.246 0.208492
27 73.9832 0 211.246 0.208492
28 64.2818 0 211.246 0.208492
29 55.0187 0 211.246 0.208492
30 47.2203 0 211.246 0.208492
31 40.686 0 211.246 0.208492
32 34.5775 0 211.246 0.208492
33 30.7848 0 211.246 0.208492
34 26.7793 0 211.246 0.208492
35 24.4558 0 211.246 0.208492
36 23.3998 0 211.246 0.208492
37 19.1834 0 211.246 0.208492
38 16.6535 0 211.246 0.208492
39 14.1266 0 211.246 0.208492
40 12.8615 0 211.246 0.208492
41 12.2277 0 211.246 0.208492
42 11.1776 0 211.246 0.208492
43 10.3333 0 211.246 0.208492
44 9.06439 0 211.246 0.208492
45 8.64422 0 211.246 0.208492
46 8.01051 0 211.246 0.208492
47 7.37875 0 211.246 0.208492
48 6.7469 0 211.246 0.208492
49 6.11817 0 211.246 0.208492
50 5.90768 0 211.246 0.208492
51 5.69719 0 211.246 0.208492
52 5.48839 0 211.246 0.208492
53 4.85892 0 211.246 0.208492
54 4.64848 0 211.246 0.208492
55 4.64848 0 211.246 0.208492
56 4.43613 0 211.246 0.208492
57 4.22404 0 211.246 0.208492
58 4.22404 0 211.246 0.208492
59 4.22404 0 211.246 0.208492
60 4.22404 0 211.246 0.208492
61 4.22404 0 211.246 0.208492
62 4.01146 0 211.246 0.208492
63 4.01146 0 211.246 0.208492
64 3.37578 0 211.246 0.208492
65 3.37578 0 211.246 0.208492
66 3.37578 0 211.246 0.208492
67 2.95178 0 211.246 0.208492
68 2.95178 0 211.246 0.208492
69 2.95178 0 211.246 0.208492
70 2.53201 0 211.246 0.208492
71 2.31993 0 211.246 0.208492
72 2.31993 0 211.246 0.208492
73 2.31993 0 211.246 0.208492
74 2.31993 0 211.246 0.208492
75 2.10976 0 211.246 0.208492
76 1.68565 0 211.246 0.208492
77 1.68565 0 211.246 0.208492
78 1.47583 0 211.246 0.208492
79 1.47583 0 211.246 0.208492
80 1.47583 0 211.246 0.208492
81 1.47583 0 211.246 0.208492
82 1.47583 0 211.246 0.208492
83 1.47583 0 211.246 0.208492
84 1.26536 0 211.246 0.208492
85 1.26536 0 211.246 0.208492
86 0.845848 0 211.246 0.208492
87 0.845848 0 211.246 0.208492
88 0.422994 0 211.246 0.208492
89 0.422994 0 211.246 0.208492
90 0.422994 0 211.246 0.208492
91 0.422994 0 211.246 0.208492
92 0.422994 0 211.246 0.208492
93 0.422994 0 211.246 0.208492
94 0.211159 0 211.246 0.208492
95 0.211159 0 211.246 0.208492
96 0.211159 0 211.246 0.208492
97 0.211159 0 211.246 0.208492
98 0.211159 0 211.246 0.208492
99 0.211159 0 211.246 0.208492
