0 0 0 344.287 221.521
1 0 0 344.287 221.521
2 0 0 344.287 221.521
3 0 0 344.287 221.521
4 0 0 344.287 221.521
5 0 0 344.287 221.521
6 0 0 344.287 221.521
7 0 0 344.287 221.521
8 0 0 344.287 221.521
9 0 0 344.287 221.521
10 0 0 344.287 221.521
11 0.213883 0 344.287 221.521
12 1.06887 0.213756 344.287 221.521
13 1.92096 0.426379 344.287 221.521
14 2.56529 1.28248 344.287 221.521
15 3.20585 1.92223 344.287 221.521
16 3.84721 2.77559 344.287 221.521
17 5.12755 4.05838 344.287 221.521
18 6.19375 5.34186 344.287 221.521
19 8.12288 6.63047 344.287 221.521
20 11.1168 7.70258 344.287 221.521
21 14.3137 9.20008 344.287 221.521
22 19.2241 12.1936 344.287 221.521
23 23.063 15.191 344.287 221.521
24 27.771 19.2426 344.287 221.521
25 33.5289 23.0831 344.287 221.521
26 41.2276 26.934 344.287 221.521
27 50.4058 33.3445 344.287 221.521
28 60.2264 38.9045 344.287 221.521
29 71.969 45.3059 344.287 221.521
30 83.7316 52.1347 344.287 221.521
31 96.3314 60.8792 344.287 221.521
32 110.637 68.779 344.287 221.521
33 126.664 75.4055 344.287 221.521
34 139.268 86.9416 344.287 221.521
35 156.795 97.6329 344.287 221.521
36 173.879 106.385 344.287 221.521
37 193.113 118.981 344.287 221.521
38 213.402 129.024 344.287 221.521
39 230.065 145.894 344.287 221.521
40 246.933 159.563 344.287 221.521
41 260.801 167.886 344.287 221.521
42 276.398 177.073 344.287 221.521
43 286.863 182.195 344.287 221.521
44 295.177 189.243 344.287 221.521
45 304.568 192.45 344.287 221.521
46 310.329 195.014 344.287 221.521
47 313.963 198.219 344.287 221.521
48 317.812 199.928 344.287 221.521
49 321.009 202.495 344.287 221.521
50 323.786 205.904 344.287 221.521
51 327.197 207.822 344.287 221.521
52 328.485 209.104 344.287 221.521
53 330.193 209.959 344.287 221.521
54 331.474 210.819 344.287 221.521
55 332.544 212.104 344.287 221.521
56 333.614 214.03 344.287 221.521
57 335.11 214.671 344.287 221.521
58 335.759 215.523 344.287 221.521
59 336.398 215.95 344.287 221.521
60 336.827 216.166 344.287 221.521
61 336.825 216.384 344.287 221.521
62 337.464 216.809 344.287 221.521
63 338.525 217.235 344.287 221.521
64 338.741 217.663 344.287 221.521
65 338.741 218.304 344.287 221.521
66 338.741 218.518 344.287 221.521
67 339.168 218.518 344.287 221.521
68 339.382 219.161 344.287 221.521
69 339.382 219.378 344.287 221.521
70 339.809 219.806 344.287 221.521
71 340.021 219.806 344.287 221.521
72 340.233 219.806 344.287 221.521
73 340.446 220.018 344.287 221.521
74 340.446 219.806 344.287 221.521
75 340.659 219.806 344.287 221.521
76 340.872 219.806 344.287 221.521
77 341.085 220.238 344.287 221.521
78 341.511 220.238 344.287 221.521
79 341.511 220.238 344.287 221.521
80 341.724 220.238 344.287 221.521
81 341.724 220.238 344.287 221.521
82 341.724 220.238 344.287 221.521
83 341.724 220.238 344.287 221.521
84 342.149 220.451 344.287 221.521
85 342.363 220.451 344.287 221.521
86 342.789 220.451 344.287 221.521
87 342.789 220.876 344.287 221.521
88 342.789 220.876 344.287 221.521
89 342.789 220.663 344.287 221.521
90 343.215 220.663 344.287 221.521
91 343.215 220.663 344.287 221.521
92 343.215 220.663 344.287 221.521
93 343.215 220.663 344.287 221.521
94 343.215 220.663 344.287 221.521
95 343.215 220.663 344.287 221.521
96 343.43 220.663 344.287 221.521
97 343.43 220.663 344.287 221.521
98 343.43 220.663 344.287 221.521
99 343.43 220.663 344.287 221.521
