0 0 0 211.246 0.208492
1 0 0 211.246 0.208492
2 0 0 211.246 0.208492
3 0 0 211.246 0.208492
4 0 0 211.246 0.208492
5 0 0 211.246 0.208492
6 0 0 211.246 0.208492
7 0 0 211.246 0.208492
8 0 0 211.246 0.208492
9 0 0 211.246 0.208492
10 0 0 211.246 0.208492
11 0 0 211.246 0.208492
12 0.423026 0 211.246 0.208492
13 1.47742 0 211.246 0.208492
14 3.79914 0 211.246 0.208492
15 7.17607 0 211.246 0.208492
16 10.5485 0 211.246 0.208492
17 15.1859 0 211.246 0.208492
18 20.6623 0 211.246 0.208492
19 27.2047 0 211.246 0.208492
20 35.6291 0 211.246 0.208492
21 48.4946 0 211.246 0.208492
22 63.8725 0 211.246 0.208492
23 75.2479 0 211.246 0.208492
24 93.3835 0 211.246 0.208492
25 107.946 0 211.246 0.208492
26 125.244 0.208492 211.246 0.208492
27 137.263 0.208492 211.246 0.208492
28 146.964 0.208492 211.246 0.208492
29 156.227 0.208492 211.246 0.208492
30 164.026 0.208492 211.246 0.208492
31 170.56 0.208492 211.246 0.208492
32 176.668 0.208492 211.246 0.208492
33 180.461 0.208492 211.246 0.208492
34 184.467 0.208492 211.246 0.208492
35 186.79 0.208492 211.246 0.208492
36 187.846 0.208492 211.246 0.208492
37 192.063 0.208492 211.246 0.208492
38 194.592 0.208492 211.246 0.208492
39 197.119 0.208492 211.246 0.208492
40 198.384 0.208492 211.246 0.208492
41 199.018 0.208492 211.246 0.208492
42 200.068 0.208492 211.246 0.208492
43 200.913 0.208492 211.246 0.208492
44 202.182 0.208492 211.246 0.208492
45 202.602 0.208492 211.246 0.208492
46 203.235 0.208492 211.246 0.208492
47 203.867 0.208492 211.246 0.208492
48 204.499 0.208492 211.246 0.208492
49 205.128 0.208492 211.246 0.208492
50 205.338 0.208492 211.246 0.208492
51 205.549 0.208492 211.246 0.208492
52 205.758 0.208492 211.246 0.208492
53 206.387 0.208492 211.246 0.208492
54 206.597 0.208492 211.246 0.208492
55 206.597 0.208492 211.246 0.208492
56 206.81 0.208492 211.246 0.208492
57 207.022 0.208492 211.246 0.208492
58 207.022 0.208492 211.246 0.208492
59 207.022 0.208492 211.246 0.208492
60 207.022 0.208492 211.246 0.208492
61 207.022 0.208492 211.246 0.208492
62 207.235 0.208492 211.246 0.208492
63 207.235 0.208492 211.246 0.208492
64 207.87 0.208492 211.246 0.208492
65 207.87 0.208492 211.246 0.208492
66 207.87 0.208492 211.246 0.208492
67 208.294 0.208492 211.246 0.208492
68 208.294 0.208492 211.246 0.208492
69 208.294 0.208492 211.246 0.208492
70 208.714 0.208492 211.246 0.208492
71 208.926 0.208492 211.246 0.208492
72 208.926 0.208492 211.246 0.208492
73 208.926 0.208492 211.246 0.208492
74 208.926 0.208492 211.246 0.208492
75 209.136 0.208492 211.246 0.208492
76 209.56 0.208492 211.246 0.208492
77 209.56 0.208492 211.246 0.208492
78 209.77 0.208492 211.246 0.208492
79 209.77 0.208492 211.246 0.208492
80 209.77 0.208492 211.246 0.208492
81 209.77 0.208492 211.246 0.208492
82 209.77 0.208492 211.246 0.208492
83 209.77 0.208492 211.246 0.208492
84 209.981 0.208492 211.246 0.208492
85 209.981 0.208492 211.246 0.208492
86 210.4 0.208492 211.246 0.208492
87 210.4 0.208492 211.246 0.208492
88 210.823 0.208492 211.246 0.208492
89 210.823 0.208492 211.246 0.208492
90 210.823 0.208492 211.246 0.208492
91 210.823 0.208492 211.246 0.208492
92 210.823 0.208492 211.246 0.208492
93 210.823 0.208492 211.246 0.208492
94 211.035 0.208492 211.246 0.208492
95 211.035 0.208492 211.246 0.208492
96 211.035 0.208492 211.246 0.208492
97 211.035 0.208492 211.246 0.208492
98 211.035 0.208492 211.246 0.208492
99 211.035 0.208492 211.246 0.208492
