0 1314.92 523.096 1314.92 523.096
1 1314.92 523.096 1314.92 523.096
2 1314.92 523.096 1314.92 523.096
3 1314.92 523.096 1314.92 523.096
4 1314.92 523.096 1314.92 523.096
5 1314.92 523.096 1314.92 523.096
6 1314.92 523.096 1314.92 523.096
7 1314.92 523.096 1314.92 523.096
8 1314.92 523.096 1314.92 523.096
9 1314.92 523.096 1314.92 523.096
10 1314.92 523.096 1314.92 523.096
11 1311.91 523.096 1314.92 523.096
12 1309.3 522.094 1314.92 523.096
13 1306.69 521.094 1314.92 523.096
14 1301.48 519.889 1314.92 523.096
15 1295.72 518.887 1314.92 523.096
16 1289.09 514.916 1314.92 523.096
17 1278.65 512.911 1314.92 523.096
18 1266.21 509.301 1314.92 523.096
19 1254.76 502.675 1314.92 523.096
20 1241.72 498.254 1314.92 523.096
21 1226.13 490.888 1314.92 523.096
22 1205.6 479.636 1314.92 523.096
23 1182.5 468.186 1314.92 523.096
24 1155.8 456.737 1314.92 523.096
25 1126.11 443.688 1314.92 523.096
26 1090.18 430.865 1314.92 523.096
27 1052.07 414.198 1314.92 523.096
28 1005.33 395.635 1314.92 523.096
29 953.953 372.958 1314.92 523.096
30 901.425 356.098 1314.92 523.096
31 842.002 332.7 1314.92 523.096
32 773.733 308.434 1314.92 523.096
33 706.157 282.948 1314.92 523.096
34 634.829 252.434 1314.92 523.096
35 562.538 219.423 1314.92 523.096
36 484.66 191.123 1314.92 523.096
37 417.478 162.667 1314.92 523.096
38 354.252 136.783 1314.92 523.096
39 302.936 117.729 1314.92 523.096
40 253.023 99.64 1314.92 523.096
41 211.918 87.9959 1314.92 523.096
42 181.81 75.944 1314.92 523.096
43 159.22 67.9043 1314.92 523.096
44 141.342 60.5369 1314.92 523.096
45 125.485 54.1605 1314.92 523.096
46 111.229 50.5463 1314.92 523.096
47 98.2437 47.1304 1314.92 523.096
48 90.4203 42.9088 1314.92 523.096
49 79.9724 39.5085 1314.92 523.096
50 73.0077 36.0918 1314.92 523.096
51 65.5796 32.4774 1314.92 523.096
52 60.7627 30.073 1314.92 523.096
53 57.7478 28.0606 1314.92 523.096
54 53.5345 25.2476 1314.92 523.096
55 49.7123 23.2859 1314.92 523.096
56 46.2988 21.8863 1314.92 523.096
57 41.8827 21.0857 1314.92 523.096
58 39.4728 18.6842 1314.92 523.096
59 37.4663 17.0749 1314.92 523.096
60 34.2496 16.2737 1314.92 523.096
61 32.0426 15.0628 1314.92 523.096
62 29.8388 14.2604 1314.92 523.096
63 27.8313 12.8583 1314.92 523.096
64 27.0308 11.452 1314.92 523.096
65 25.6198 10.6515 1314.92 523.096
66 24.6213 10.4514 1314.92 523.096
67 23.6179 9.44389 1314.92 523.096
68 22.2172 9.04114 1314.92 523.096
69 20.816 8.4369 1314.92 523.096
70 20.2161 8.03617 1314.92 523.096
71 18.6136 8.03617 1314.92 523.096
72 17.6077 8.03617 1314.92 523.096
73 16.1997 7.43384 1314.92 523.096
74 15.4477 7.43384 1314.92 523.096
75 14.6468 7.03218 1314.92 523.096
76 14.2465 6.83095 1314.92 523.096
77 13.4404 6.83095 1314.92 523.096
78 13.4404 6.6302 1314.92 523.096
79 12.8401 6.42859 1314.92 523.096
80 12.4394 6.22793 1314.92 523.096
81 12.2375 5.62788 1314.92 523.096
82 12.0361 5.62788 1314.92 523.096
83 11.638 5.42656 1314.92 523.096
84 11.4367 4.62017 1314.92 523.096
85 10.6353 4.62017 1314.92 523.096
86 10.2355 4.21869 1314.92 523.096
87 8.62882 4.21869 1314.92 523.096
88 8.0256 3.41669 1314.92 523.096
89 7.62403 3.21509 1314.92 523.096
90 6.81574 3.21509 1314.92 523.096
91 6.61563 3.21509 1314.92 523.096
92 6.21661 3.21509 1314.92 523.096
93 5.61691 3.01458 1314.92 523.096
94 5.21336 3.01458 1314.92 523.096
95 5.01423 3.01458 1314.92 523.096
96 5.01423 2.8127 1314.92 523.096
97 5.01423 2.61188 1314.92 523.096
98 5.01423 2.61188 1314.92 523.096
99 5.01423 2.61188 1314.92 523.096
