0 132.303 0.803774 132.303 0.803774
1 132.303 0.803774 132.303 0.803774
2 132.303 0.803774 132.303 0.803774
3 132.303 0.803774 132.303 0.803774
4 132.303 0.803774 132.303 0.803774
5 132.303 0.803774 132.303 0.803774
6 132.303 0.803774 132.303 0.803774
7 132.303 0.803774 132.303 0.803774
8 132.303 0.803774 132.303 0.803774
9 132.303 0.803774 132.303 0.803774
10 132.303 0.803774 132.303 0.803774
11 132.103 0.803774 132.303 0.803774
12 132.302 0.803774 132.303 0.803774
13 131.902 0.803774 132.303 0.803774
14 131.901 0.803774 132.303 0.803774
15 131.297 0.803774 132.303 0.803774
16 130.693 0.803774 132.303 0.803774
17 129.689 0.803774 132.303 0.803774
18 128.889 0.803774 132.303 0.803774
19 127.685 0.803774 132.303 0.803774
20 126.879 0.803774 132.303 0.803774
21 125.07 0.803774 132.303 0.803774
22 123.666 0.803774 132.303 0.803774
23 121.448 0.803774 132.303 0.803774
24 118.233 0.803774 132.303 0.803774
25 113.819 0.803774 132.303 0.803774
26 110.199 0.803774 132.303 0.803774
27 106.781 0.402207 132.303 0.803774
28 100.953 0.402207 132.303 0.803774
29 94.3278 0.402207 132.303 0.803774
30 90.3205 0.402207 132.303 0.803774
31 82.2965 0.402207 132.303 0.803774
32 74.8796 0.402207 132.303 0.803774
33 68.2556 0.402207 132.303 0.803774
34 60.0193 0.200687 132.303 0.803774
35 51.5886 0.200687 132.303 0.803774
36 42.9577 0.200687 132.303 0.803774
37 36.9292 0.200687 132.303 0.803774
38 32.9094 0.200687 132.303 0.803774
39 29.1008 0.200687 132.303 0.803774
40 24.2842 0.200687 132.303 0.803774
41 19.866 0.200687 132.303 0.803774
42 15.4536 0.200687 132.303 0.803774
43 14.05 0.200687 132.303 0.803774
44 11.8443 0.200687 132.303 0.803774
45 10.4411 0.200687 132.303 0.803774
46 9.63611 0.200687 132.303 0.803774
47 8.83462 0.200687 132.303 0.803774
48 8.02935 0.200687 132.303 0.803774
49 6.42225 0.200687 132.303 0.803774
50 5.81828 0.200687 132.303 0.803774
51 5.01471 0.200687 132.303 0.803774
52 4.81558 0.200687 132.303 0.803774
53 4.41359 0.200687 132.303 0.803774
54 4.21399 0.200687 132.303 0.803774
55 4.01464 0.200687 132.303 0.803774
56 3.61367 0.200687 132.303 0.803774
57 3.41398 0.200687 132.303 0.803774
58 3.21154 0.200687 132.303 0.803774
59 3.00991 0.200687 132.303 0.803774
60 2.40878 0.200687 132.303 0.803774
61 2.40878 0.200687 132.303 0.803774
62 2.40878 0.200687 132.303 0.803774
63 2.40878 0.200687 132.303 0.803774
64 2.40878 0.200687 132.303 0.803774
65 2.40878 0.200687 132.303 0.803774
66 2.40878 0.200687 132.303 0.803774
67 2.2069 0.200687 132.303 0.803774
68 2.2069 0.200687 132.303 0.803774
69 2.2069 0.200687 132.303 0.803774
70 2.2069 0.200687 132.303 0.803774
71 2.2069 0.200687 132.303 0.803774
72 2.2069 0.200687 132.303 0.803774
73 1.80457 0.200687 132.303 0.803774
74 1.80457 0.200687 132.303 0.803774
75 1.60446 0.200687 132.303 0.803774
76 1.60446 0.200687 132.303 0.803774
77 1.40229 0.200687 132.303 0.803774
78 1.40229 0.200687 132.303 0.803774
79 1.20319 0.200687 132.303 0.803774
80 1.20319 0.200687 132.303 0.803774
81 1.20319 0.200687 132.303 0.803774
82 1.20319 0.200687 132.303 0.803774
83 1.20319 0.200687 132.303 0.803774
84 1.20319 0.200687 132.303 0.803774
85 1.00287 0.200687 132.303 0.803774
86 0.803209 0.200687 132.303 0.803774
87 0.401149 0.200687 132.303 0.803774
88 0.401149 0.200687 132.303 0.803774
89 0.401149 0.200687 132.303 0.803774
90 0.401149 0.200687 132.303 0.803774
91 0.401149 0.200687 132.303 0.803774
92 0.200906 0.200687 132.303 0.803774
93 0.200906 0.200687 132.303 0.803774
94 0.200906 0.200687 132.303 0.803774
95 0.200906 0.200687 132.303 0.803774
96 0.200906 0.200687 132.303 0.803774
97 0.200906 0.200687 132.303 0.803774
98 0.200906 0.200687 132.303 0.803774
99 0.200906 0.200687 132.303 0.803774
