0 248.119 0.208982 248.119 0.208982
1 248.119 0.208982 248.119 0.208982
2 248.119 0.208982 248.119 0.208982
3 248.119 0.208982 248.119 0.208982
4 248.119 0.208982 248.119 0.208982
5 248.119 0.208982 248.119 0.208982
6 248.119 0.208982 248.119 0.208982
7 248.119 0.208982 248.119 0.208982
8 248.119 0.208982 248.119 0.208982
9 248.119 0.208982 248.119 0.208982
10 248.119 0.208982 248.119 0.208982
11 247.695 0.208982 248.119 0.208982
12 247.274 0.208982 248.119 0.208982
13 246.854 0.208982 248.119 0.208982
14 246.643 0.208982 248.119 0.208982
15 246.219 0.208982 248.119 0.208982
16 245.59 0.208982 248.119 0.208982
17 244.329 0.208982 248.119 0.208982
18 243.067 0.208982 248.119 0.208982
19 240.75 0.208982 248.119 0.208982
20 239.065 0 248.119 0.208982
21 237.167 0 248.119 0.208982
22 233.169 0 248.119 0.208982
23 229.798 0 248.119 0.208982
24 224.336 0 248.119 0.208982
25 220.546 0 248.119 0.208982
26 215.28 0 248.119 0.208982
27 210.01 0 248.119 0.208982
28 202.435 0 248.119 0.208982
29 195.495 0 248.119 0.208982
30 187.5 0 248.119 0.208982
31 176.962 0 248.119 0.208982
32 166.422 0 248.119 0.208982
33 157.575 0 248.119 0.208982
34 144.727 0 248.119 0.208982
35 135.45 0 248.119 0.208982
36 121.122 0 248.119 0.208982
37 107.229 0 248.119 0.208982
38 91.4291 0 248.119 0.208982
39 77.9444 0 248.119 0.208982
40 65.0917 0 248.119 0.208982
41 54.3533 0 248.119 0.208982
42 47.613 0 248.119 0.208982
43 40.6584 0 248.119 0.208982
44 33.9169 0 248.119 0.208982
45 29.4876 0 248.119 0.208982
46 25.4799 0 248.119 0.208982
47 21.4827 0 248.119 0.208982
48 18.7475 0 248.119 0.208982
49 18.326 0 248.119 0.208982
50 16.4322 0 248.119 0.208982
51 15.59 0 248.119 0.208982
52 14.3268 0 248.119 0.208982
53 12.8536 0 248.119 0.208982
54 11.3779 0 248.119 0.208982
55 10.7462 0 248.119 0.208982
56 10.5357 0 248.119 0.208982
57 9.90597 0 248.119 0.208982
58 9.27427 0 248.119 0.208982
59 8.6387 0 248.119 0.208982
60 8.42624 0 248.119 0.208982
61 7.16289 0 248.119 0.208982
62 6.10983 0 248.119 0.208982
63 4.84702 0 248.119 0.208982
64 4.42704 0 248.119 0.208982
65 4.00341 0 248.119 0.208982
66 3.79337 0 248.119 0.208982
67 3.5815 0 248.119 0.208982
68 3.16214 0 248.119 0.208982
69 2.74036 0 248.119 0.208982
70 2.52868 0 248.119 0.208982
71 2.31832 0 248.119 0.208982
72 2.10675 0 248.119 0.208982
73 1.89646 0 248.119 0.208982
74 1.68469 0 248.119 0.208982
75 1.68469 0 248.119 0.208982
76 1.68469 0 248.119 0.208982
77 1.68469 0 248.119 0.208982
78 1.68469 0 248.119 0.208982
79 1.68469 0 248.119 0.208982
80 1.68469 0 248.119 0.208982
81 1.68469 0 248.119 0.208982
82 1.68469 0 248.119 0.208982
83 1.26453 0 248.119 0.208982
84 1.26453 0 248.119 0.208982
85 1.26453 0 248.119 0.208982
86 1.26453 0 248.119 0.208982
87 1.26453 0 248.119 0.208982
88 1.26453 0 248.119 0.208982
89 1.26453 0 248.119 0.208982
90 1.05434 0 248.119 0.208982
91 0.843077 0 248.119 0.208982
92 0.843077 0 248.119 0.208982
93 0.843077 0 248.119 0.208982
94 0.632062 0 248.119 0.208982
95 0.632062 0 248.119 0.208982
96 0.632062 0 248.119 0.208982
97 0.632062 0 248.119 0.208982
98 0.632062 0 248.119 0.208982
99 0.632062 0 248.119 0.208982
