0 674.602 377.497 674.602 377.497
1 674.602 377.497 674.602 377.497
2 674.602 377.497 674.602 377.497
3 674.602 377.497 674.602 377.497
4 674.602 377.497 674.602 377.497
5 674.602 377.497 674.602 377.497
6 674.602 377.497 674.602 377.497
7 674.602 377.497 674.602 377.497
8 674.602 377.497 674.602 377.497
9 674.602 377.497 674.602 377.497
10 674.602 377.497 674.602 377.497
11 673.713 376.905 674.602 377.497
12 672.233 375.715 674.602 377.497
13 665.693 373.037 674.602 377.497
14 657.364 368.888 674.602 377.497
15 643.668 361.775 674.602 377.497
16 623.153 350.465 674.602 377.497
17 592.237 333.194 674.602 377.497
18 563.094 315.659 674.602 377.497
19 517.601 294.865 674.602 377.497
20 473.604 272.887 674.602 377.497
21 428.396 250.595 674.602 377.497
22 385.583 228.316 674.602 377.497
23 348.11 206.609 674.602 377.497
24 309.169 181.936 674.602 377.497
25 272.893 160.837 674.602 377.497
26 242.891 137.944 674.602 377.497
27 208.702 119.825 674.602 377.497
28 182.249 104.061 674.602 377.497
29 161.123 90.3759 674.602 377.497
30 141.21 75.5236 674.602 377.497
31 124.85 63.9295 674.602 377.497
32 106.11 54.7046 674.602 377.497
33 94.2076 47.8591 674.602 377.497
34 83.2031 41.6249 674.602 377.497
35 72.7944 35.0829 674.602 377.497
36 65.0713 31.2079 674.602 377.497
37 57.3597 28.8311 674.602 377.497
38 51.7225 25.258 674.602 377.497
39 46.3687 22.8808 674.602 377.497
40 42.8098 19.0153 674.602 377.497
41 39.2451 15.7423 674.602 377.497
42 34.7934 13.3695 674.602 377.497
43 31.216 12.1845 674.602 377.497
44 29.1283 11.5932 674.602 377.497
45 26.455 10.4086 674.602 377.497
46 24.3687 9.2151 674.602 377.497
47 21.9894 8.32099 674.602 377.497
48 21.098 7.13214 674.602 377.497
49 19.6154 7.13214 674.602 377.497
50 17.8348 6.53836 674.602 377.497
51 17.2417 5.64654 674.602 377.497
52 16.6518 5.94338 674.602 377.497
53 15.7615 5.05595 674.602 377.497
54 14.8648 4.461 674.602 377.497
55 14.2723 3.8693 674.602 377.497
56 13.3816 3.8693 674.602 377.497
57 12.1914 3.8693 674.602 377.497
58 10.7068 3.8693 674.602 377.497
59 10.4104 3.27502 674.602 377.497
60 10.1114 3.27502 674.602 377.497
61 10.1114 3.27502 674.602 377.497
62 9.81135 3.27502 674.602 377.497
63 8.91721 2.97512 674.602 377.497
64 8.91721 2.97512 674.602 377.497
65 8.61825 2.97512 674.602 377.497
66 8.31893 2.97512 674.602 377.497
67 7.42351 2.97512 674.602 377.497
68 7.13047 2.97512 674.602 377.497
69 7.13047 2.37966 674.602 377.497
70 6.83351 2.37966 674.602 377.497
71 7.13231 2.37966 674.602 377.497
72 7.13231 2.08043 674.602 377.497
73 7.13231 2.08043 674.602 377.497
74 6.53594 1.78039 674.602 377.497
75 6.23989 1.78039 674.602 377.497
76 6.23989 1.78039 674.602 377.497
77 6.23989 1.78039 674.602 377.497
78 5.64269 1.78039 674.602 377.497
79 5.64269 1.78039 674.602 377.497
80 5.34588 1.78039 674.602 377.497
81 5.34588 1.78039 674.602 377.497
82 5.34588 1.48202 674.602 377.497
83 5.34588 1.48202 674.602 377.497
84 5.04619 1.48202 674.602 377.497
85 4.15859 1.18519 674.602 377.497
86 3.86048 1.18519 674.602 377.497
87 3.86048 1.18519 674.602 377.497
88 3.56171 1.18519 674.602 377.497
89 3.26604 1.18519 674.602 377.497
90 3.26604 0.887933 674.602 377.497
91 2.97105 0.59125 674.602 377.497
92 2.67538 0.59125 674.602 377.497
93 2.08158 0.59125 674.602 377.497
94 2.08158 0.59125 674.602 377.497
95 2.08158 0.59125 674.602 377.497
96 1.78476 0.59125 674.602 377.497
97 1.48808 0.59125 674.602 377.497
98 1.48808 0.59125 674.602 377.497
99 1.48808 0.59125 674.602 377.497
