0 0 0 266.706 0
1 0 0 266.706 0
2 0 0 266.706 0
3 0 0 266.706 0
4 0 0 266.706 0
5 0 0 266.706 0
6 0 0 266.706 0
7 0 0 266.706 0
8 0 0 266.706 0
9 0 0 266.706 0
10 0 0 266.706 0
11 1.00214 0 266.706 0
12 1.80711 0 266.706 0
13 2.21093 0 266.706 0
14 2.8122 0 266.706 0
15 4.01765 0 266.706 0
16 5.42428 0 266.706 0
17 7.43197 0 266.706 0
18 9.43108 0 266.706 0
19 11.2424 0 266.706 0
20 15.0488 0 266.706 0
21 18.869 0 266.706 0
22 23.2036 0 266.706 0
23 26.8139 0 266.706 0
24 33.4353 0 266.706 0
25 39.8483 0 266.706 0
26 47.4771 0 266.706 0
27 56.9222 0 266.706 0
28 67.1524 0 266.706 0
29 75.986 0 266.706 0
30 87.2188 0 266.706 0
31 99.6757 0 266.706 0
32 112.313 0 266.706 0
33 126.563 0 266.706 0
34 139.805 0 266.706 0
35 154.868 0 266.706 0
36 168.912 0 266.706 0
37 182.577 0 266.706 0
38 195.025 0 266.706 0
39 205.772 0 266.706 0
40 216.4 0 266.706 0
41 224.426 0 266.706 0
42 229.853 0 266.706 0
43 234.586 0 266.706 0
44 238.608 0 266.706 0
45 241.414 0 266.706 0
46 244.827 0 266.706 0
47 247.432 0 266.706 0
48 249.436 0 266.706 0
49 251.646 0 266.706 0
50 253.047 0 266.706 0
51 254.253 0 266.706 0
52 256.064 0 266.706 0
53 256.668 0 266.706 0
54 257.267 0 266.706 0
55 257.668 0 266.706 0
56 258.27 0 266.706 0
57 259.271 0 266.706 0
58 259.472 0 266.706 0
59 260.275 0 266.706 0
60 260.476 0 266.706 0
61 261.281 0 266.706 0
62 261.885 0 266.706 0
63 262.49 0 266.706 0
64 262.49 0 266.706 0
65 263.096 0 266.706 0
66 263.096 0 266.706 0
67 263.096 0 266.706 0
68 263.292 0 266.706 0
69 263.694 0 266.706 0
70 263.895 0 266.706 0
71 264.095 0 266.706 0
72 264.499 0 266.706 0
73 264.7 0 266.706 0
74 264.901 0 266.706 0
75 265.103 0 266.706 0
76 265.103 0 266.706 0
77 265.103 0 266.706 0
78 265.103 0 266.706 0
79 265.103 0 266.706 0
80 265.103 0 266.706 0
81 265.103 0 266.706 0
82 265.103 0 266.706 0
83 265.103 0 266.706 0
84 265.103 0 266.706 0
85 265.303 0 266.706 0
86 265.503 0 266.706 0
87 265.503 0 266.706 0
88 265.503 0 266.706 0
89 265.703 0 266.706 0
90 265.703 0 266.706 0
91 265.703 0 266.706 0
92 265.703 0 266.706 0
93 265.703 0 266.706 0
94 265.703 0 266.706 0
95 265.703 0 266.706 0
96 265.703 0 266.706 0
97 265.703 0 266.706 0
98 265.703 0 266.706 0
99 265.703 0 266.706 0
