0 0 0 358.269 0.220735
1 0 0 358.269 0.220735
2 0 0 358.269 0.220735
3 0 0 358.269 0.220735
4 0 0 358.269 0.220735
5 0 0 358.269 0.220735
6 0 0 358.269 0.220735
7 0 0 358.269 0.220735
8 0 0 358.269 0.220735
9 0 0 358.269 0.220735
10 0 0 358.269 0.220735
11 0.221475 0 358.269 0.220735
12 1.33885 0 358.269 0.220735
13 3.56244 0 358.269 0.220735
14 7.12891 0 358.269 0.220735
15 10.9099 0 358.269 0.220735
16 14.6918 0 358.269 0.220735
17 20.2404 0 358.269 0.220735
18 27.5607 0 358.269 0.220735
19 36.4364 0 358.269 0.220735
20 47.0979 0 358.269 0.220735
21 56.6317 0 358.269 0.220735
22 69.0742 0 358.269 0.220735
23 82.5883 0 358.269 0.220735
24 100.124 0 358.269 0.220735
25 119.434 0 358.269 0.220735
26 138.72 0 358.269 0.220735
27 161.129 0 358.269 0.220735
28 182.646 0 358.269 0.220735
29 209.072 0 358.269 0.220735
30 231.302 0.220735 358.269 0.220735
31 254.365 0.220735 358.269 0.220735
32 272.122 0.220735 358.269 0.220735
33 283.233 0.220735 358.269 0.220735
34 293 0.220735 358.269 0.220735
35 302.774 0.220735 358.269 0.220735
36 308.55 0.220735 358.269 0.220735
37 315.435 0.220735 358.269 0.220735
38 319.208 0.220735 358.269 0.220735
39 322.977 0.220735 358.269 0.220735
40 327.197 0.220735 358.269 0.220735
41 331.198 0.220735 358.269 0.220735
42 334.298 0.220735 358.269 0.220735
43 337.848 0.220735 358.269 0.220735
44 338.958 0.220735 358.269 0.220735
45 340.068 0.220735 358.269 0.220735
46 342.068 0.220735 358.269 0.220735
47 342.732 0.220735 358.269 0.220735
48 344.728 0.220735 358.269 0.220735
49 345.615 0.220735 358.269 0.220735
50 345.836 0.220735 358.269 0.220735
51 347.168 0.220735 358.269 0.220735
52 348.059 0.220735 358.269 0.220735
53 348.501 0.220735 358.269 0.220735
54 348.943 0.220735 358.269 0.220735
55 349.609 0.220735 358.269 0.220735
56 350.278 0.220735 358.269 0.220735
57 350.499 0.220735 358.269 0.220735
58 350.718 0.220735 358.269 0.220735
59 351.163 0.220735 358.269 0.220735
60 351.828 0.220735 358.269 0.220735
61 352.712 0.220735 358.269 0.220735
62 352.936 0.220735 358.269 0.220735
63 353.162 0.220735 358.269 0.220735
64 353.383 0.220735 358.269 0.220735
65 353.383 0.220735 358.269 0.220735
66 353.607 0.220735 358.269 0.220735
67 354.052 0.220735 358.269 0.220735
68 354.273 0.220735 358.269 0.220735
69 354.495 0.220735 358.269 0.220735
70 354.717 0.220735 358.269 0.220735
71 354.941 0.220735 358.269 0.220735
72 355.161 0.220735 358.269 0.220735
73 355.385 0.220735 358.269 0.220735
74 355.608 0.220735 358.269 0.220735
75 355.608 0.220735 358.269 0.220735
76 355.608 0.220735 358.269 0.220735
77 355.608 0.220735 358.269 0.220735
78 355.608 0.220735 358.269 0.220735
79 355.83 0.220735 358.269 0.220735
80 356.053 0.220735 358.269 0.220735
81 356.496 0.220735 358.269 0.220735
82 356.496 0.220735 358.269 0.220735
83 356.496 0.220735 358.269 0.220735
84 356.496 0.220735 358.269 0.220735
85 356.496 0.220735 358.269 0.220735
86 356.718 0.220735 358.269 0.220735
87 356.718 0.220735 358.269 0.220735
88 356.718 0.220735 358.269 0.220735
89 356.718 0.220735 358.269 0.220735
90 356.718 0.220735 358.269 0.220735
91 356.718 0.220735 358.269 0.220735
92 356.718 0.220735 358.269 0.220735
93 356.718 0.220735 358.269 0.220735
94 356.718 0.220735 358.269 0.220735
95 356.939 0.220735 358.269 0.220735
96 356.939 0.220735 358.269 0.220735
97 356.939 0.220735 358.269 0.220735
98 356.939 0.220735 358.269 0.220735
99 357.159 0.220735 358.269 0.220735
