0 0 0 222.653 0
1 0 0 222.653 0
2 0 0 222.653 0
3 0 0 222.653 0
4 0 0 222.653 0
5 0 0 222.653 0
6 0 0 222.653 0
7 0 0 222.653 0
8 0 0 222.653 0
9 0 0 222.653 0
10 0 0 222.653 0
11 0.297049 0 222.653 0
12 1.49123 0 222.653 0
13 3.58073 0 222.653 0
14 7.14316 0 222.653 0
15 12.4913 0 222.653 0
16 22.299 0 222.653 0
17 31.815 0 222.653 0
18 44.5824 0 222.653 0
19 58.8385 0 222.653 0
20 72.2059 0 222.653 0
21 87.3694 0 222.653 0
22 100.444 0 222.653 0
23 112.934 0 222.653 0
24 123.915 0 222.653 0
25 137.893 0 222.653 0
26 149.493 0 222.653 0
27 157.823 0 222.653 0
28 165.271 0 222.653 0
29 171.21 0 222.653 0
30 175.974 0 222.653 0
31 182.82 0 222.653 0
32 187.275 0 222.653 0
33 191.429 0 222.653 0
34 195.596 0 222.653 0
35 200.64 0 222.653 0
36 203.916 0 222.653 0
37 206.295 0 222.653 0
38 208.08 0 222.653 0
39 208.973 0 222.653 0
40 209.864 0 222.653 0
41 211.642 0 222.653 0
42 213.721 0 222.653 0
43 213.721 0 222.653 0
44 214.32 0 222.653 0
45 214.617 0 222.653 0
46 214.617 0 222.653 0
47 214.913 0 222.653 0
48 215.211 0 222.653 0
49 215.509 0 222.653 0
50 216.4 0 222.653 0
51 216.4 0 222.653 0
52 216.4 0 222.653 0
53 216.697 0 222.653 0
54 216.697 0 222.653 0
55 216.997 0 222.653 0
56 217.592 0 222.653 0
57 217.592 0 222.653 0
58 217.592 0 222.653 0
59 217.592 0 222.653 0
60 217.892 0 222.653 0
61 218.486 0 222.653 0
62 218.488 0 222.653 0
63 219.081 0 222.653 0
64 219.081 0 222.653 0
65 219.674 0 222.653 0
66 219.973 0 222.653 0
67 220.27 0 222.653 0
68 220.567 0 222.653 0
69 220.868 0 222.653 0
70 220.868 0 222.653 0
71 220.868 0 222.653 0
72 221.462 0 222.653 0
73 221.462 0 222.653 0
74 221.462 0 222.653 0
75 221.462 0 222.653 0
76 221.462 0 222.653 0
77 221.462 0 222.653 0
78 221.462 0 222.653 0
79 221.462 0 222.653 0
80 221.462 0 222.653 0
81 221.759 0 222.653 0
82 221.759 0 222.653 0
83 221.759 0 222.653 0
84 221.759 0 222.653 0
85 221.759 0 222.653 0
86 222.355 0 222.653 0
87 222.355 0 222.653 0
88 222.355 0 222.653 0
89 222.653 0 222.653 0
90 222.653 0 222.653 0
91 222.653 0 222.653 0
92 222.653 0 222.653 0
93 222.653 0 222.653 0
94 222.653 0 222.653 0
95 222.653 0 222.653 0
96 222.653 0 222.653 0
97 222.653 0 222.653 0
98 222.653 0 222.653 0
99 222.653 0 222.653 0
