0 635.726 383.777 635.726 383.777
1 635.726 383.777 635.726 383.777
2 635.726 383.777 635.726 383.777
3 635.726 383.777 635.726 383.777
4 635.726 383.777 635.726 383.777
5 635.726 383.777 635.726 383.777
6 635.726 383.777 635.726 383.777
7 635.726 383.777 635.726 383.777
8 635.726 383.777 635.726 383.777
9 635.726 383.777 635.726 383.777
10 635.726 383.777 635.726 383.777
11 634.46 383.355 635.726 383.777
12 632.562 381.669 635.726 383.777
13 628.776 379.981 635.726 383.777
14 623.512 376.82 635.726 383.777
15 612.77 372.189 635.726 383.777
16 602.459 367.559 635.726 383.777
17 591.472 357.864 635.726 383.777
18 566.62 347.952 635.726 383.777
19 543.241 331.096 635.726 383.777
20 513.938 311.914 635.726 383.777
21 479.162 288.907 635.726 383.777
22 434.263 260.468 635.726 383.777
23 386.617 234.754 635.726 383.777
24 338.165 202.486 635.726 383.777
25 294.566 176.354 635.726 383.777
26 250.916 149.363 635.726 383.777
27 213.605 129.151 635.726 383.777
28 179.47 108.494 635.726 383.777
29 154.179 95.4356 635.726 383.777
30 132.069 81.5351 635.726 383.777
31 117.949 71.6125 635.726 383.777
32 103.638 63.4034 635.726 383.777
33 89.5334 53.0803 635.726 383.777
34 78.374 48.6559 635.726 383.777
35 67.201 43.1698 635.726 383.777
36 62.9874 38.1235 635.726 383.777
37 55.8368 33.6961 635.726 383.777
38 50.3537 30.1174 635.726 383.777
39 44.4518 27.5828 635.726 383.777
40 40.4453 25.2666 635.726 383.777
41 35.3842 22.3111 635.726 383.777
42 32.4452 20.4129 635.726 383.777
43 30.7597 18.5217 635.726 383.777
44 28.4435 16.2066 635.726 383.777
45 26.9691 14.7362 635.726 383.777
46 24.0158 13.2584 635.726 383.777
47 22.5403 12.2036 635.726 383.777
48 21.2737 11.153 635.726 383.777
49 18.7487 11.153 635.726 383.777
50 17.691 10.0967 635.726 383.777
51 15.5819 9.46643 635.726 383.777
52 13.898 9.05145 635.726 383.777
53 13.0576 8.63162 635.726 383.777
54 12.0029 8.4218 635.726 383.777
55 11.5807 8.21034 635.726 383.777
56 10.9481 7.78879 635.726 383.777
57 10.1011 7.78879 635.726 383.777
58 9.47002 7.36677 635.726 383.777
59 8.83944 7.36677 635.726 383.777
60 7.7887 6.9433 635.726 383.777
61 7.7887 6.9433 635.726 383.777
62 7.3695 6.73373 635.726 383.777
63 7.15742 6.10185 635.726 383.777
64 6.94672 6.10185 635.726 383.777
65 6.31708 5.89059 635.726 383.777
66 6.31708 5.6799 635.726 383.777
67 6.10621 5.26082 635.726 383.777
68 5.69007 5.04979 635.726 383.777
69 5.69007 4.62715 635.726 383.777
70 5.47805 4.41645 635.726 383.777
71 5.47805 4.41645 635.726 383.777
72 5.47805 4.20767 635.726 383.777
73 5.47805 4.20767 635.726 383.777
74 5.26914 3.99818 635.726 383.777
75 4.42654 3.99818 635.726 383.777
76 4.21485 3.99818 635.726 383.777
77 4.21485 3.78665 635.726 383.777
78 4.21485 3.78665 635.726 383.777
79 4.21485 3.57511 635.726 383.777
80 4.21485 3.57511 635.726 383.777
81 3.79171 3.57511 635.726 383.777
82 3.58285 3.36341 635.726 383.777
83 3.37236 3.36341 635.726 383.777
84 2.94863 3.36341 635.726 383.777
85 2.94863 3.36341 635.726 383.777
86 2.94863 3.36341 635.726 383.777
87 2.94863 3.36341 635.726 383.777
88 2.73604 3.36341 635.726 383.777
89 2.73604 3.36341 635.726 383.777
90 2.73604 3.36341 635.726 383.777
91 2.31575 3.36341 635.726 383.777
92 2.31575 3.36341 635.726 383.777
93 2.31575 3.36341 635.726 383.777
94 2.31575 2.93923 635.726 383.777
95 2.10626 2.72935 635.726 383.777
96 2.10626 2.72935 635.726 383.777
97 2.10626 2.72935 635.726 383.777
98 1.8945 2.51871 635.726 383.777
99 1.8945 2.51871 635.726 383.777
