0 0 0 125.783 0
1 0 0 125.783 0
2 0 0 125.783 0
3 0 0 125.783 0
4 0 0 125.783 0
5 0 0 125.783 0
6 0 0 125.783 0
7 0 0 125.783 0
8 0 0 125.783 0
9 0 0 125.783 0
10 0 0 125.783 0
11 0 0 125.783 0
12 0.000244694 0 125.783 0
13 0.21368 0 125.783 0
14 0.21368 0 125.783 0
15 0.426823 0 125.783 0
16 0.85474 0 125.783 0
17 1.92297 0 125.783 0
18 3.42146 0 125.783 0
19 4.0602 0 125.783 0
20 4.70128 0 125.783 0
21 6.62554 0 125.783 0
22 7.48217 0 125.783 0
23 8.97909 0 125.783 0
24 10.6873 0 125.783 0
25 13.897 0 125.783 0
26 15.6047 0 125.783 0
27 18.8135 0 125.783 0
28 20.9501 0 125.783 0
29 24.3681 0 125.783 0
30 26.7167 0 125.783 0
31 30.9912 0 125.783 0
32 33.5482 0 125.783 0
33 38.4522 0 125.783 0
34 43.5741 0 125.783 0
35 51.4792 0 125.783 0
36 61.3059 0 125.783 0
37 68.1434 0 125.783 0
38 76.0409 0 125.783 0
39 83.94 0 125.783 0
40 89.9243 0 125.783 0
41 96.5444 0 125.783 0
42 100.602 0 125.783 0
43 104.66 0 125.783 0
44 108.716 0 125.783 0
45 112.128 0 125.783 0
46 114.257 0 125.783 0
47 114.898 0 125.783 0
48 115.535 0 125.783 0
49 117.034 0 125.783 0
50 117.888 0 125.783 0
51 118.315 0 125.783 0
52 119.596 0 125.783 0
53 120.238 0 125.783 0
54 121.089 0 125.783 0
55 121.518 0 125.783 0
56 121.518 0 125.783 0
57 121.518 0 125.783 0
58 121.516 0 125.783 0
59 121.941 0 125.783 0
60 122.156 0 125.783 0
61 122.369 0 125.783 0
62 122.583 0 125.783 0
63 122.368 0 125.783 0
64 122.582 0 125.783 0
65 122.795 0 125.783 0
66 123.222 0 125.783 0
67 123.222 0 125.783 0
68 123.436 0 125.783 0
69 123.436 0 125.783 0
70 123.864 0 125.783 0
71 124.077 0 125.783 0
72 124.077 0 125.783 0
73 124.293 0 125.783 0
74 124.506 0 125.783 0
75 124.719 0 125.783 0
76 124.719 0 125.783 0
77 124.933 0 125.783 0
78 124.933 0 125.783 0
79 124.933 0 125.783 0
80 124.933 0 125.783 0
81 125.145 0 125.783 0
82 125.357 0 125.783 0
83 125.357 0 125.783 0
84 125.357 0 125.783 0
85 125.357 0 125.783 0
86 125.357 0 125.783 0
87 125.357 0 125.783 0
88 125.357 0 125.783 0
89 125.357 0 125.783 0
90 125.357 0 125.783 0
91 125.357 0 125.783 0
92 125.357 0 125.783 0
93 125.57 0 125.783 0
94 125.783 0 125.783 0
95 125.783 0 125.783 0
96 125.783 0 125.783 0
97 125.783 0 125.783 0
98 125.783 0 125.783 0
99 125.783 0 125.783 0
