0 1829.81 742.178 1829.81 742.178
1 1829.81 742.178 1829.81 742.178
2 1829.81 742.178 1829.81 742.178
3 1829.81 742.178 1829.81 742.178
4 1829.81 742.178 1829.81 742.178
5 1829.81 742.178 1829.81 742.178
6 1829.81 742.178 1829.81 742.178
7 1829.81 742.178 1829.81 742.178
8 1829.81 742.178 1829.81 742.178
9 1829.81 742.178 1829.81 742.178
10 1829.81 742.178 1829.81 742.178
11 1826.26 740.842 1829.81 742.178
12 1820.04 738.404 1829.81 742.178
13 1808.27 734.413 1829.81 742.178
14 1797.17 731.076 1829.81 742.178
15 1777.84 724.845 1829.81 742.178
16 1756.3 714.845 1829.81 742.178
17 1728.79 697.535 1829.81 742.178
18 1692.6 679.559 1829.81 742.178
19 1651.31 659.78 1829.81 742.178
20 1604.93 643.379 1829.81 742.178
21 1545.23 624.952 1829.81 742.178
22 1479.72 596.993 1829.81 742.178
23 1403.82 566.38 1829.81 742.178
24 1314.29 532.832 1829.81 742.178
25 1219.51 493.769 1829.81 742.178
26 1123.82 449.586 1829.81 742.178
27 1011.93 408.954 1829.81 742.178
28 883.816 367.651 1829.81 742.178
29 758.128 319.011 1829.81 742.178
30 642.423 268.847 1829.81 742.178
31 537.384 223.746 1829.81 742.178
32 444.363 187.096 1829.81 742.178
33 382.44 163.341 1829.81 742.178
34 327.169 140.717 1829.81 742.178
35 281.218 117.414 1829.81 742.178
36 254.389 105.872 1829.81 742.178
37 224.212 92.3339 1829.81 742.178
38 201.36 79.9158 1829.81 742.178
39 180.066 72.5817 1829.81 742.178
40 159.636 65.6982 1829.81 742.178
41 144.529 58.8145 1829.81 742.178
42 129.878 51.2878 1829.81 742.178
43 117.877 47.7371 1829.81 742.178
44 108.336 43.9655 1829.81 742.178
45 99.4594 41.9648 1829.81 742.178
46 89.6872 38.4087 1829.81 742.178
47 82.5858 35.7433 1829.81 742.178
48 74.1489 33.5259 1829.81 742.178
49 68.1584 31.9761 1829.81 742.178
50 62.6138 29.5322 1829.81 742.178
51 57.9488 26.6433 1829.81 742.178
52 53.0637 24.6395 1829.81 742.178
53 48.8543 23.5286 1829.81 742.178
54 46.4132 21.7483 1829.81 742.178
55 42.8562 20.6332 1829.81 742.178
56 40.857 18.644 1829.81 742.178
57 38.2017 17.0901 1829.81 742.178
58 36.4256 16.8708 1829.81 742.178
59 33.7616 15.7636 1829.81 742.178
60 30.8741 15.5378 1829.81 742.178
61 27.7649 14.201 1829.81 742.178
62 25.5427 13.5336 1829.81 742.178
63 23.9797 11.978 1829.81 742.178
64 22.8707 10.8667 1829.81 742.178
65 22.4273 10.6418 1829.81 742.178
66 21.5355 9.97463 1829.81 742.178
67 20.6471 9.30822 1829.81 742.178
68 19.9834 8.86249 1829.81 742.178
69 18.8768 8.64148 1829.81 742.178
70 17.765 8.4249 1829.81 742.178
71 16.874 7.75722 1829.81 742.178
72 15.1 7.31136 1829.81 742.178
73 14.876 7.08845 1829.81 742.178
74 13.9847 6.42231 1829.81 742.178
75 13.0952 5.75213 1829.81 742.178
76 12.8741 5.30904 1829.81 742.178
77 12.4296 5.08905 1829.81 742.178
78 11.5374 4.8665 1829.81 742.178
79 10.8707 4.64458 1829.81 742.178
80 10.4258 4.4219 1829.81 742.178
81 9.31886 4.20063 1829.81 742.178
82 8.87783 4.20063 1829.81 742.178
83 8.87783 4.20063 1829.81 742.178
84 8.65625 4.20063 1829.81 742.178
85 8.43097 3.98063 1829.81 742.178
86 7.98696 3.54004 1829.81 742.178
87 7.98696 3.54004 1829.81 742.178
88 7.98696 3.54004 1829.81 742.178
89 7.98696 3.31991 1829.81 742.178
90 7.76459 3.31991 1829.81 742.178
91 7.09688 3.31991 1829.81 742.178
92 7.09688 3.31991 1829.81 742.178
93 7.09688 3.31991 1829.81 742.178
94 7.09688 3.31991 1829.81 742.178
95 6.87539 3.31991 1829.81 742.178
96 6.87539 3.31991 1829.81 742.178
97 6.65191 3.09669 1829.81 742.178
98 6.65191 3.09669 1829.81 742.178
99 6.20959 2.65679 1829.81 742.178
