0 0 0  1829.81 742.178
1 0 0  1829.81 742.178
2 0 0  1829.81 742.178
3 0 0  1829.81 742.178
4 0 0  1829.81 742.178
5 0 0  1829.81 742.178
6 0 0  1829.81 742.178
7 0 0  1829.81 742.178
8 0 0  1829.81 742.178
9 0 0  1829.81 742.178
10 0 0  1829.81 742.178
11 3.5477 1.33624  1829.81 742.178
12 9.77 3.77378  1829.81 742.178
13 21.54 7.76472  1829.81 742.178
14 32.6441 11.1021  1829.81 742.178
15 51.9697 17.333  1829.81 742.178
16 73.5136 27.333  1829.81 742.178
17 101.023 44.6424  1829.81 742.178
18 137.211 62.6188  1829.81 742.178
19 178.497 82.3976  1829.81 742.178
20 224.882 98.7989  1829.81 742.178
21 284.584 117.225  1829.81 742.178
22 350.09 145.185  1829.81 742.178
23 425.993 175.798  1829.81 742.178
24 515.519 209.346  1829.81 742.178
25 610.295 248.409  1829.81 742.178
26 705.992 292.591  1829.81 742.178
27 817.88 333.224  1829.81 742.178
28 945.994 374.527  1829.81 742.178
29 1071.68 423.167  1829.81 742.178
30 1187.39 473.331  1829.81 742.178
31 1292.43 518.432  1829.81 742.178
32 1385.45 555.082  1829.81 742.178
33 1447.37 578.836  1829.81 742.178
34 1502.64 601.461  1829.81 742.178
35 1548.59 624.764  1829.81 742.178
36 1575.42 636.305  1829.81 742.178
37 1605.6 649.844  1829.81 742.178
38 1628.45 662.262  1829.81 742.178
39 1649.74 669.596  1829.81 742.178
40 1670.17 676.48  1829.81 742.178
41 1685.28 683.363  1829.81 742.178
42 1699.93 690.89  1829.81 742.178
43 1711.93 694.441  1829.81 742.178
44 1721.47 698.212  1829.81 742.178
45 1730.35 700.213  1829.81 742.178
46 1740.12 703.769  1829.81 742.178
47 1747.22 706.434  1829.81 742.178
48 1755.66 708.652  1829.81 742.178
49 1761.65 710.202  1829.81 742.178
50 1767.2 712.646  1829.81 742.178
51 1771.86 715.534  1829.81 742.178
52 1776.75 717.538  1829.81 742.178
53 1780.96 718.649  1829.81 742.178
54 1783.4 720.429  1829.81 742.178
55 1786.95 721.545  1829.81 742.178
56 1788.95 723.534  1829.81 742.178
57 1791.61 725.088  1829.81 742.178
58 1793.38 725.307  1829.81 742.178
59 1796.05 726.414  1829.81 742.178
60 1798.94 726.64  1829.81 742.178
61 1802.04 727.977  1829.81 742.178
62 1804.27 728.644  1829.81 742.178
63 1805.83 730.2  1829.81 742.178
64 1806.94 731.311  1829.81 742.178
65 1807.38 731.536  1829.81 742.178
66 1808.27 732.203  1829.81 742.178
67 1809.16 732.87  1829.81 742.178
68 1809.83 733.315  1829.81 742.178
69 1810.93 733.536  1829.81 742.178
70 1812.04 733.753  1829.81 742.178
71 1812.94 734.421  1829.81 742.178
72 1814.71 734.866  1829.81 742.178
73 1814.93 735.089  1829.81 742.178
74 1815.82 735.755  1829.81 742.178
75 1816.71 736.426  1829.81 742.178
76 1816.94 736.869  1829.81 742.178
77 1817.38 737.089  1829.81 742.178
78 1818.27 737.311  1829.81 742.178
79 1818.94 737.533  1829.81 742.178
80 1819.38 737.756  1829.81 742.178
81 1820.49 737.977  1829.81 742.178
82 1820.93 737.977  1829.81 742.178
83 1820.93 737.977  1829.81 742.178
84 1821.15 737.977  1829.81 742.178
85 1821.38 738.197  1829.81 742.178
86 1821.82 738.638  1829.81 742.178
87 1821.82 738.638  1829.81 742.178
88 1821.82 738.638  1829.81 742.178
89 1821.82 738.858  1829.81 742.178
90 1822.05 738.858  1829.81 742.178
91 1822.71 738.858  1829.81 742.178
92 1822.71 738.858  1829.81 742.178
93 1822.71 738.858  1829.81 742.178
94 1822.71 738.858  1829.81 742.178
95 1822.93 738.858  1829.81 742.178
96 1822.93 738.858  1829.81 742.178
97 1823.16 739.081  1829.81 742.178
98 1823.16 739.081  1829.81 742.178
99 1823.6 739.521  1829.81 742.178
