0 203.98 0.663302 203.98 0.663302
1 203.98 0.663302 203.98 0.663302
2 203.98 0.663302 203.98 0.663302
3 203.98 0.663302 203.98 0.663302
4 203.98 0.663302 203.98 0.663302
5 203.98 0.663302 203.98 0.663302
6 203.98 0.663302 203.98 0.663302
7 203.98 0.663302 203.98 0.663302
8 203.98 0.663302 203.98 0.663302
9 203.98 0.663302 203.98 0.663302
10 203.98 0.663302 203.98 0.663302
11 203.98 0.663302 203.98 0.663302
12 203.759 0.663302 203.98 0.663302
13 202.43 0.663302 203.98 0.663302
14 201.985 0.663302 203.98 0.663302
15 200.213 0.663302 203.98 0.663302
16 197.986 0.663302 203.98 0.663302
17 195.323 0.663302 203.98 0.663302
18 189.547 0.663302 203.98 0.663302
19 186.89 0.663302 203.98 0.663302
20 182.238 0.663302 203.98 0.663302
21 177.134 0.663302 203.98 0.663302
22 168.913 0.663302 203.98 0.663302
23 161.802 0.663302 203.98 0.663302
24 152.255 0.663302 203.98 0.663302
25 143.6 0.663302 203.98 0.663302
26 132.934 0.44013 203.98 0.663302
27 120.705 0.44013 203.98 0.663302
28 104.949 0.44013 203.98 0.663302
29 92.3039 0.219665 203.98 0.663302
30 80.098 0.219665 203.98 0.663302
31 68.7666 0.219665 203.98 0.663302
32 56.5534 0.219665 203.98 0.663302
33 49.2352 0.219665 203.98 0.663302
34 42.5832 0.219665 203.98 0.663302
35 37.9218 0.219665 203.98 0.663302
36 33.0522 0.219665 203.98 0.663302
37 28.613 0.219665 203.98 0.663302
38 24.8431 0.219665 203.98 0.663302
39 22.8502 0.219665 203.98 0.663302
40 19.5154 0.219665 203.98 0.663302
41 18.1835 0.219665 203.98 0.663302
42 16.8532 0.219665 203.98 0.663302
43 15.7399 0.219665 203.98 0.663302
44 14.6346 0.219665 203.98 0.663302
45 13.3038 0.219665 203.98 0.663302
46 11.7527 0.219665 203.98 0.663302
47 10.2024 0.219665 203.98 0.663302
48 9.76051 0.219665 203.98 0.663302
49 9.76051 0.219665 203.98 0.663302
50 9.0926 0.219665 203.98 0.663302
51 7.98503 0.219665 203.98 0.663302
52 7.76297 0.219665 203.98 0.663302
53 7.32117 0.219665 203.98 0.663302
54 6.65519 0.219665 203.98 0.663302
55 6.43275 0.219665 203.98 0.663302
56 5.98965 0.219665 203.98 0.663302
57 5.76726 0.219665 203.98 0.663302
58 5.54426 0.219665 203.98 0.663302
59 5.32324 0 203.98 0.663302
60 4.66029 0 203.98 0.663302
61 4.66029 0 203.98 0.663302
62 3.77295 0 203.98 0.663302
63 3.3256 0 203.98 0.663302
64 3.3256 0 203.98 0.663302
65 3.3256 0 203.98 0.663302
66 3.10355 0 203.98 0.663302
67 3.10355 0 203.98 0.663302
68 3.10355 0 203.98 0.663302
69 3.10355 0 203.98 0.663302
70 3.10355 0 203.98 0.663302
71 2.88091 0 203.98 0.663302
72 2.43654 0 203.98 0.663302
73 2.43654 0 203.98 0.663302
74 2.43654 0 203.98 0.663302
75 2.43654 0 203.98 0.663302
76 2.21544 0 203.98 0.663302
77 1.99398 0 203.98 0.663302
78 1.99398 0 203.98 0.663302
79 1.77351 0 203.98 0.663302
80 1.77351 0 203.98 0.663302
81 1.33133 0 203.98 0.663302
82 1.33133 0 203.98 0.663302
83 1.33133 0 203.98 0.663302
84 1.33133 0 203.98 0.663302
85 1.33133 0 203.98 0.663302
86 1.33133 0 203.98 0.663302
87 1.33133 0 203.98 0.663302
88 1.33133 0 203.98 0.663302
89 1.33133 0 203.98 0.663302
90 1.33133 0 203.98 0.663302
91 1.10928 0 203.98 0.663302
92 1.10928 0 203.98 0.663302
93 1.10928 0 203.98 0.663302
94 1.10928 0 203.98 0.663302
95 1.10928 0 203.98 0.663302
96 1.10928 0 203.98 0.663302
97 1.10928 0 203.98 0.663302
98 1.10928 0 203.98 0.663302
99 0.886595 0 203.98 0.663302
