0 0 0 10482 4180
1 0 0 10482 4180
2 0 0 10482 4180
3 0 0 10482 4180
4 0 0 10482 4180
5 0 0 10482 4180
6 0 0 10482 4180
7 0 0 10482 4180
8 0 0 10482 4180
9 0 0 10482 4180
10 0 0 10482 4180
11 19 1 10482 4180
12 35 10 10482 4180
13 66 23 10482 4180
14 111 36 10482 4180
15 153 54 10482 4180
16 210 83 10482 4180
17 293 110 10482 4180
18 404 153 10482 4180
19 506 198 10482 4180
20 628 241 10482 4180
21 775 303 10482 4180
22 942 377 10482 4180
23 1125 454 10482 4180
24 1340 549 10482 4180
25 1601 658 10482 4180
26 1858 767 10482 4180
27 2161 885 10482 4180
28 2521 1032 10482 4180
29 2916 1203 10482 4180
30 3353 1363 10482 4180
31 3835 1547 10482 4180
32 4342 1733 10482 4180
33 4867 1936 10482 4180
34 5459 2155 10482 4180
35 6013 2402 10482 4180
36 6631 2630 10482 4180
37 7156 2837 10482 4180
38 7647 3035 10482 4180
39 8069 3192 10482 4180
40 8412 3322 10482 4180
41 8702 3423 10482 4180
42 8933 3531 10482 4180
43 9125 3599 10482 4180
44 9268 3652 10482 4180
45 9422 3704 10482 4180
46 9528 3742 10482 4180
47 9641 3779 10482 4180
48 9733 3815 10482 4180
49 9816 3848 10482 4180
50 9877 3881 10482 4180
51 9931 3912 10482 4180
52 9972 3926 10482 4180
53 10009 3948 10482 4180
54 10039 3971 10482 4180
55 10071 3984 10482 4180
56 10103 3999 10482 4180
57 10131 4011 10482 4180
58 10149 4022 10482 4180
59 10175 4033 10482 4180
60 10197 4040 10482 4180
61 10216 4048 10482 4180
62 10229 4059 10482 4180
63 10246 4068 10482 4180
64 10259 4078 10482 4180
65 10272 4086 10482 4180
66 10279 4090 10482 4180
67 10290 4098 10482 4180
68 10303 4106 10482 4180
69 10312 4110 10482 4180
70 10315 4113 10482 4180
71 10329 4114 10482 4180
72 10336 4114 10482 4180
73 10345 4117 10482 4180
74 10352 4118 10482 4180
75 10360 4123 10482 4180
76 10367 4126 10482 4180
77 10372 4128 10482 4180
78 10373 4131 10482 4180
79 10376 4132 10482 4180
80 10379 4134 10482 4180
81 10382 4138 10482 4180
82 10385 4139 10482 4180
83 10392 4140 10482 4180
84 10393 4145 10482 4180
85 10397 4145 10482 4180
86 10400 4146 10482 4180
87 10408 4147 10482 4180
88 10412 4151 10482 4180
89 10416 4151 10482 4180
90 10420 4151 10482 4180
91 10423 4151 10482 4180
92 10426 4151 10482 4180
93 10429 4152 10482 4180
94 10433 4153 10482 4180
95 10435 4153 10482 4180
96 10436 4154 10482 4180
97 10438 4155 10482 4180
98 10438 4155 10482 4180
99 10438 4155 10482 4180
