0 367.717 211.661 367.717 211.661
1 367.717 211.661 367.717 211.661
2 367.717 211.661 367.717 211.661
3 367.717 211.661 367.717 211.661
4 367.717 211.661 367.717 211.661
5 367.717 211.661 367.717 211.661
6 367.717 211.661 367.717 211.661
7 367.717 211.661 367.717 211.661
8 367.717 211.661 367.717 211.661
9 367.717 211.661 367.717 211.661
10 367.717 211.661 367.717 211.661
11 367.297 211.451 367.717 211.661
12 367.297 211.451 367.717 211.661
13 367.297 211.24 367.717 211.661
14 366.876 211.03 367.717 211.661
15 366.453 210.187 367.717 211.661
16 364.557 209.345 367.717 211.661
17 362.872 209.345 367.717 211.661
18 360.974 208.083 367.717 211.661
19 358.448 207.239 367.717 211.661
20 354.235 205.763 367.717 211.661
21 349.594 204.921 367.717 211.661
22 344.123 202.187 367.717 211.661
23 340.326 197.968 367.717 211.661
24 334.222 194.178 367.717 211.661
25 324.109 189.544 367.717 211.661
26 314.011 186.593 367.717 211.661
27 305.788 181.125 367.717 211.661
28 298.198 173.547 367.717 211.661
29 289.562 168.278 367.717 211.661
30 276.089 159.854 367.717 211.661
31 260.086 152.485 367.717 211.661
32 246.611 143.217 367.717 211.661
33 233.56 130.585 367.717 211.661
34 208.702 120.913 367.717 211.661
35 191.003 110.586 367.717 211.661
36 171.424 98.7929 367.717 211.661
37 152.896 88.2524 367.717 211.661
38 128.874 74.1476 367.717 211.661
39 108.044 64.0305 367.717 211.661
40 91.8295 55.1859 367.717 211.661
41 77.7263 46.9781 367.717 211.661
42 66.5765 39.3964 367.717 211.661
43 57.7332 35.1819 367.717 211.661
44 50.7827 29.9213 367.717 211.661
45 44.4485 25.6984 367.717 211.661
46 39.1792 22.3232 367.717 211.661
47 34.3307 20.0032 367.717 211.661
48 29.9159 17.6912 367.717 211.661
49 26.971 16.4265 367.717 211.661
50 23.8094 14.1046 367.717 211.661
51 21.0653 12.8388 367.717 211.661
52 18.537 12.0013 367.717 211.661
53 16.8548 10.739 367.717 211.661
54 14.9576 9.6882 367.717 211.661
55 13.2672 9.05639 367.717 211.661
56 12.2144 7.79335 367.717 211.661
57 11.5827 7.37006 367.717 211.661
58 10.5273 6.94785 367.717 211.661
59 9.47712 6.74118 367.717 211.661
60 9.26766 6.74118 367.717 211.661
61 8.21578 6.32258 367.717 211.661
62 8.00548 5.90148 367.717 211.661
63 6.95505 5.68887 367.717 211.661
64 6.74377 5.26617 367.717 211.661
65 6.53278 4.63426 367.717 211.661
66 6.32211 4.63426 367.717 211.661
67 5.68819 4.42137 367.717 211.661
68 5.47781 4.2112 367.717 211.661
69 4.8429 4.2112 367.717 211.661
70 4.63238 4.2112 367.717 211.661
71 4.63238 3.99997 367.717 211.661
72 4.63238 3.15732 367.717 211.661
73 4.42229 2.73634 367.717 211.661
74 4.42229 2.52783 367.717 211.661
75 4.42229 2.3175 367.717 211.661
76 4.00237 2.3175 367.717 211.661
77 4.00237 2.3175 367.717 211.661
78 4.00237 2.3175 367.717 211.661
79 3.37225 2.1092 367.717 211.661
80 2.95138 1.68651 367.717 211.661
81 2.52765 1.68651 367.717 211.661
82 2.10562 1.47688 367.717 211.661
83 1.89563 1.47688 367.717 211.661
84 1.89563 1.47688 367.717 211.661
85 1.89563 1.47688 367.717 211.661
86 1.68614 1.47688 367.717 211.661
87 1.68614 1.47688 367.717 211.661
88 1.47603 1.26647 367.717 211.661
89 1.47603 1.05358 367.717 211.661
90 1.47603 1.05358 367.717 211.661
91 1.26493 1.05358 367.717 211.661
92 1.26493 1.05358 367.717 211.661
93 1.05304 1.05358 367.717 211.661
94 0.843038 1.05358 367.717 211.661
95 0.843038 1.05358 367.717 211.661
96 0.843038 0.842353 367.717 211.661
97 0.843038 0.635691 367.717 211.661
98 0.631041 0.635691 367.717 211.661
99 0.419605 0.635691 367.717 211.661
