0 0 0 248.119 0.208982
1 0 0 248.119 0.208982
2 0 0 248.119 0.208982
3 0 0 248.119 0.208982
4 0 0 248.119 0.208982
5 0 0 248.119 0.208982
6 0 0 248.119 0.208982
7 0 0 248.119 0.208982
8 0 0 248.119 0.208982
9 0 0 248.119 0.208982
10 0 0 248.119 0.208982
11 0.423726 0 248.119 0.208982
12 0.844672 0 248.119 0.208982
13 1.2645 0 248.119 0.208982
14 1.47618 0 248.119 0.208982
15 1.89957 0 248.119 0.208982
16 2.52909 0 248.119 0.208982
17 3.79033 0 248.119 0.208982
18 5.05216 0 248.119 0.208982
19 7.36852 0 248.119 0.208982
20 9.05441 0.208982 248.119 0.208982
21 10.9523 0.208982 248.119 0.208982
22 14.9503 0.208982 248.119 0.208982
23 18.3208 0.208982 248.119 0.208982
24 23.7831 0.208982 248.119 0.208982
25 27.5732 0.208982 248.119 0.208982
26 32.8394 0.208982 248.119 0.208982
27 38.1086 0.208982 248.119 0.208982
28 45.6842 0.208982 248.119 0.208982
29 52.6238 0.208982 248.119 0.208982
30 60.6185 0.208982 248.119 0.208982
31 71.1565 0.208982 248.119 0.208982
32 81.6965 0.208982 248.119 0.208982
33 90.5438 0.208982 248.119 0.208982
34 103.392 0.208982 248.119 0.208982
35 112.669 0.208982 248.119 0.208982
36 126.997 0.208982 248.119 0.208982
37 140.89 0.208982 248.119 0.208982
38 156.69 0.208982 248.119 0.208982
39 170.175 0.208982 248.119 0.208982
40 183.027 0.208982 248.119 0.208982
41 193.766 0.208982 248.119 0.208982
42 200.506 0.208982 248.119 0.208982
43 207.461 0.208982 248.119 0.208982
44 214.202 0.208982 248.119 0.208982
45 218.631 0.208982 248.119 0.208982
46 222.639 0.208982 248.119 0.208982
47 226.636 0.208982 248.119 0.208982
48 229.371 0.208982 248.119 0.208982
49 229.793 0.208982 248.119 0.208982
50 231.687 0.208982 248.119 0.208982
51 232.529 0.208982 248.119 0.208982
52 233.792 0.208982 248.119 0.208982
53 235.265 0.208982 248.119 0.208982
54 236.741 0.208982 248.119 0.208982
55 237.373 0.208982 248.119 0.208982
56 237.583 0.208982 248.119 0.208982
57 238.213 0.208982 248.119 0.208982
58 238.845 0.208982 248.119 0.208982
59 239.48 0.208982 248.119 0.208982
60 239.693 0.208982 248.119 0.208982
61 240.956 0.208982 248.119 0.208982
62 242.009 0.208982 248.119 0.208982
63 243.272 0.208982 248.119 0.208982
64 243.692 0.208982 248.119 0.208982
65 244.116 0.208982 248.119 0.208982
66 244.326 0.208982 248.119 0.208982
67 244.537 0.208982 248.119 0.208982
68 244.957 0.208982 248.119 0.208982
69 245.379 0.208982 248.119 0.208982
70 245.59 0.208982 248.119 0.208982
71 245.801 0.208982 248.119 0.208982
72 246.012 0.208982 248.119 0.208982
73 246.222 0.208982 248.119 0.208982
74 246.434 0.208982 248.119 0.208982
75 246.434 0.208982 248.119 0.208982
76 246.434 0.208982 248.119 0.208982
77 246.434 0.208982 248.119 0.208982
78 246.434 0.208982 248.119 0.208982
79 246.434 0.208982 248.119 0.208982
80 246.434 0.208982 248.119 0.208982
81 246.434 0.208982 248.119 0.208982
82 246.434 0.208982 248.119 0.208982
83 246.854 0.208982 248.119 0.208982
84 246.854 0.208982 248.119 0.208982
85 246.854 0.208982 248.119 0.208982
86 246.854 0.208982 248.119 0.208982
87 246.854 0.208982 248.119 0.208982
88 246.854 0.208982 248.119 0.208982
89 246.854 0.208982 248.119 0.208982
90 247.065 0.208982 248.119 0.208982
91 247.276 0.208982 248.119 0.208982
92 247.276 0.208982 248.119 0.208982
93 247.276 0.208982 248.119 0.208982
94 247.487 0.208982 248.119 0.208982
95 247.487 0.208982 248.119 0.208982
96 247.487 0.208982 248.119 0.208982
97 247.487 0.208982 248.119 0.208982
98 247.487 0.208982 248.119 0.208982
99 247.487 0.208982 248.119 0.208982
