0 2059.17 831.184 2059.17 831.184
1 2059.17 831.184 2059.17 831.184
2 2059.17 831.184 2059.17 831.184
3 2059.17 831.184 2059.17 831.184
4 2059.17 831.184 2059.17 831.184
5 2059.17 831.184 2059.17 831.184
6 2059.17 831.184 2059.17 831.184
7 2059.17 831.184 2059.17 831.184
8 2059.17 831.184 2059.17 831.184
9 2059.17 831.184 2059.17 831.184
10 2059.17 831.184 2059.17 831.184
11 2055.58 830.341 2059.17 831.184
12 2048.84 827.809 2059.17 831.184
13 2039.15 822.964 2059.17 831.184
14 2020.81 818.331 2059.17 831.184
15 1990.07 807.161 2059.17 831.184
16 1956.35 796.619 2059.17 831.184
17 1909.54 777.665 2059.17 831.184
18 1837.67 754.692 2059.17 831.184
19 1759.69 720.784 2059.17 831.184
20 1668.41 678.021 2059.17 831.184
21 1551.66 630.351 2059.17 831.184
22 1409.14 575.349 2059.17 831.184
23 1259.73 515.762 2059.17 831.184
24 1104 444.735 2059.17 831.184
25 951.214 383.632 2059.17 831.184
26 804.917 328.622 2059.17 831.184
27 693.842 282.694 2059.17 831.184
28 590.158 238.434 2059.17 831.184
29 501.275 205.369 2059.17 831.184
30 433.887 177.777 2059.17 831.184
31 379.286 154.373 2059.17 831.184
32 325.568 135.012 2059.17 831.184
33 278.816 115.017 2059.17 831.184
34 242.364 102.362 2059.17 831.184
35 211.372 89.7084 2059.17 831.184
36 191.574 78.9703 2059.17 831.184
37 167.332 70.9637 2059.17 831.184
38 150.877 63.1661 2059.17 831.184
39 134.863 57.9033 2059.17 831.184
40 122.214 51.3735 2059.17 831.184
41 107.254 45.4746 2059.17 831.184
42 96.3068 41.6825 2059.17 831.184
43 88.0813 37.6848 2059.17 831.184
44 81.5446 33.4772 2059.17 831.184
45 76.6943 30.9529 2059.17 831.184
46 70.1578 28.4239 2059.17 831.184
47 64.8897 26.7417 2059.17 831.184
48 61.1001 24.6394 2059.17 831.184
49 54.9922 23.7972 2059.17 831.184
50 50.9857 21.9014 2059.17 831.184
51 46.9858 20.215 2059.17 831.184
52 43.6239 19.3778 2059.17 831.184
53 41.3122 17.6921 2059.17 831.184
54 38.9935 17.0602 2059.17 831.184
55 36.882 16.215 2059.17 831.184
56 35.6164 15.1622 2059.17 831.184
57 33.9225 14.9498 2059.17 831.184
58 32.0308 13.8946 2059.17 831.184
59 30.3553 13.8946 2059.17 831.184
60 28.4573 13.262 2059.17 831.184
61 27.615 12.8432 2059.17 831.184
62 26.557 12.0017 2059.17 831.184
63 25.9199 10.9512 2059.17 831.184
64 24.4401 10.9512 2059.17 831.184
65 23.1779 10.5274 2059.17 831.184
66 22.758 10.5272 2059.17 831.184
67 21.9126 9.68845 2059.17 831.184
68 20.8673 9.26673 2059.17 831.184
69 20.2403 8.4196 2059.17 831.184
70 19.3968 7.99926 2059.17 831.184
71 18.7651 7.79159 2059.17 831.184
72 18.3429 7.58281 2059.17 831.184
73 18.1323 7.15886 2059.17 831.184
74 17.2889 6.94937 2059.17 831.184
75 15.6003 6.94937 2059.17 831.184
76 14.3308 6.31933 2059.17 831.184
77 13.9098 6.1078 2059.17 831.184
78 13.4904 5.89663 2059.17 831.184
79 12.8554 5.47471 2059.17 831.184
80 12.6453 5.47471 2059.17 831.184
81 11.3793 5.47471 2059.17 831.184
82 10.9619 5.26301 2059.17 831.184
83 10.5424 5.05214 2059.17 831.184
84 9.48504 4.83934 2059.17 831.184
85 9.48504 4.83934 2059.17 831.184
86 9.06553 4.83934 2059.17 831.184
87 9.06553 4.41781 2059.17 831.184
88 8.22019 4.41781 2059.17 831.184
89 8.22019 4.41781 2059.17 831.184
90 8.01117 3.99535 2059.17 831.184
91 7.59088 3.99535 2059.17 831.184
92 7.37934 3.99535 2059.17 831.184
93 7.37934 3.78328 2059.17 831.184
94 7.16751 3.35909 2059.17 831.184
95 6.95802 3.14922 2059.17 831.184
96 6.74757 3.14922 2059.17 831.184
97 6.74757 3.14922 2059.17 831.184
98 6.11682 2.93857 2059.17 831.184
99 5.90473 2.93857 2059.17 831.184
