0 266.527 0 266.527 0
1 266.527 0 266.527 0
2 266.527 0 266.527 0
3 266.527 0 266.527 0
4 266.527 0 266.527 0
5 266.527 0 266.527 0
6 266.527 0 266.527 0
7 266.527 0 266.527 0
8 266.527 0 266.527 0
9 266.527 0 266.527 0
10 266.527 0 266.527 0
11 266.527 0 266.527 0
12 266.1 0 266.527 0
13 265.246 0 266.527 0
14 264.818 0 266.527 0
15 264.178 0 266.527 0
16 262.254 0 266.527 0
17 260.974 0 266.527 0
18 258.408 0 266.527 0
19 257.119 0 266.527 0
20 254.56 0 266.527 0
21 253.281 0 266.527 0
22 250.074 0 266.527 0
23 245.589 0 266.527 0
24 241.529 0 266.527 0
25 235.987 0 266.527 0
26 228.94 0 266.527 0
27 219.549 0 266.527 0
28 213.777 0 266.527 0
29 206.738 0 266.527 0
30 197.762 0 266.527 0
31 186.866 0 266.527 0
32 175.767 0 266.527 0
33 162.733 0 266.527 0
34 151.632 0 266.527 0
35 139.889 0 266.527 0
36 127.29 0 266.527 0
37 111.688 0 266.527 0
38 96.1044 0 266.527 0
39 80.7162 0 266.527 0
40 67.2584 0 266.527 0
41 56.8021 0 266.527 0
42 47.1925 0 266.527 0
43 41.003 0 266.527 0
44 34.1714 0 266.527 0
45 29.4766 0 266.527 0
46 26.0576 0 266.527 0
47 21.5771 0 266.527 0
48 19.8617 0 266.527 0
49 17.7253 0 266.527 0
50 16.869 0 266.527 0
51 14.7296 0 266.527 0
52 13.4508 0 266.527 0
53 11.9568 0 266.527 0
54 11.1026 0 266.527 0
55 10.0337 0 266.527 0
56 9.60717 0 266.527 0
57 8.53961 0 266.527 0
58 8.32627 0 266.527 0
59 7.89952 0 266.527 0
60 7.68754 0 266.527 0
61 7.04764 0 266.527 0
62 5.76206 0 266.527 0
63 4.48028 0 266.527 0
64 3.62304 0 266.527 0
65 3.40944 0 266.527 0
66 3.19787 0 266.527 0
67 2.55426 0 266.527 0
68 2.34173 0 266.527 0
69 2.34173 0 266.527 0
70 1.91758 0 266.527 0
71 1.91758 0 266.527 0
72 1.91758 0 266.527 0
73 1.49113 0 266.527 0
74 1.27914 0 266.527 0
75 1.27914 0 266.527 0
76 1.27914 0 266.527 0
77 1.27914 0 266.527 0
78 1.27914 0 266.527 0
79 1.0655 0 266.527 0
80 0.852398 0 266.527 0
81 0.852398 0 266.527 0
82 0.852398 0 266.527 0
83 0.852398 0 266.527 0
84 0.852398 0 266.527 0
85 0.640222 0 266.527 0
86 0.640222 0 266.527 0
87 0.640222 0 266.527 0
88 0.853854 0 266.527 0
89 0.853854 0 266.527 0
90 0.853854 0 266.527 0
91 0.853854 0 266.527 0
92 0.853854 0 266.527 0
93 0.853854 0 266.527 0
94 0.853854 0 266.527 0
95 0.853854 0 266.527 0
96 0.853854 0 266.527 0
97 0.853854 0 266.527 0
98 0.639964 0 266.527 0
99 0.639964 0 266.527 0
