0 0 0 203.98 0.663302
1 0 0 203.98 0.663302
2 0 0 203.98 0.663302
3 0 0 203.98 0.663302
4 0 0 203.98 0.663302
5 0 0 203.98 0.663302
6 0 0 203.98 0.663302
7 0 0 203.98 0.663302
8 0 0 203.98 0.663302
9 0 0 203.98 0.663302
10 0 0 203.98 0.663302
11 0 0 203.98 0.663302
12 0.220128 0 203.98 0.663302
13 1.54939 0 203.98 0.663302
14 1.99481 0 203.98 0.663302
15 3.76643 0 203.98 0.663302
16 5.99313 0 203.98 0.663302
17 8.65639 0 203.98 0.663302
18 14.4323 0 203.98 0.663302
19 17.0898 0 203.98 0.663302
20 21.7412 0 203.98 0.663302
21 26.8452 0 203.98 0.663302
22 35.0666 0 203.98 0.663302
23 42.1776 0 203.98 0.663302
24 51.7243 0 203.98 0.663302
25 60.3796 0 203.98 0.663302
26 71.0455 0.223171 203.98 0.663302
27 83.275 0.223171 203.98 0.663302
28 99.0306 0.223171 203.98 0.663302
29 111.676 0.443637 203.98 0.663302
30 123.882 0.443637 203.98 0.663302
31 135.213 0.443637 203.98 0.663302
32 147.426 0.443637 203.98 0.663302
33 154.744 0.443637 203.98 0.663302
34 161.396 0.443637 203.98 0.663302
35 166.058 0.443637 203.98 0.663302
36 170.927 0.443637 203.98 0.663302
37 175.367 0.443637 203.98 0.663302
38 179.136 0.443637 203.98 0.663302
39 181.129 0.443637 203.98 0.663302
40 184.464 0.443637 203.98 0.663302
41 185.796 0.443637 203.98 0.663302
42 187.126 0.443637 203.98 0.663302
43 188.24 0.443637 203.98 0.663302
44 189.345 0.443637 203.98 0.663302
45 190.676 0.443637 203.98 0.663302
46 192.227 0.443637 203.98 0.663302
47 193.777 0.443637 203.98 0.663302
48 194.219 0.443637 203.98 0.663302
49 194.219 0.443637 203.98 0.663302
50 194.887 0.443637 203.98 0.663302
51 195.995 0.443637 203.98 0.663302
52 196.217 0.443637 203.98 0.663302
53 196.658 0.443637 203.98 0.663302
54 197.324 0.443637 203.98 0.663302
55 197.547 0.443637 203.98 0.663302
56 197.99 0.443637 203.98 0.663302
57 198.212 0.443637 203.98 0.663302
58 198.435 0.443637 203.98 0.663302
59 198.656 0.663302 203.98 0.663302
60 199.319 0.663302 203.98 0.663302
61 199.319 0.663302 203.98 0.663302
62 200.207 0.663302 203.98 0.663302
63 200.654 0.663302 203.98 0.663302
64 200.654 0.663302 203.98 0.663302
65 200.654 0.663302 203.98 0.663302
66 200.876 0.663302 203.98 0.663302
67 200.876 0.663302 203.98 0.663302
68 200.876 0.663302 203.98 0.663302
69 200.876 0.663302 203.98 0.663302
70 200.876 0.663302 203.98 0.663302
71 201.099 0.663302 203.98 0.663302
72 201.543 0.663302 203.98 0.663302
73 201.543 0.663302 203.98 0.663302
74 201.543 0.663302 203.98 0.663302
75 201.543 0.663302 203.98 0.663302
76 201.764 0.663302 203.98 0.663302
77 201.986 0.663302 203.98 0.663302
78 201.986 0.663302 203.98 0.663302
79 202.206 0.663302 203.98 0.663302
80 202.206 0.663302 203.98 0.663302
81 202.648 0.663302 203.98 0.663302
82 202.648 0.663302 203.98 0.663302
83 202.648 0.663302 203.98 0.663302
84 202.648 0.663302 203.98 0.663302
85 202.648 0.663302 203.98 0.663302
86 202.648 0.663302 203.98 0.663302
87 202.648 0.663302 203.98 0.663302
88 202.648 0.663302 203.98 0.663302
89 202.648 0.663302 203.98 0.663302
90 202.648 0.663302 203.98 0.663302
91 202.87 0.663302 203.98 0.663302
92 202.87 0.663302 203.98 0.663302
93 202.87 0.663302 203.98 0.663302
94 202.87 0.663302 203.98 0.663302
95 202.87 0.663302 203.98 0.663302
96 202.87 0.663302 203.98 0.663302
97 202.87 0.663302 203.98 0.663302
98 202.87 0.663302 203.98 0.663302
99 203.093 0.663302 203.98 0.663302
