0 0 0  1214.6 462.121
1 0 0  1214.6 462.121
2 0 0  1214.6 462.121
3 0 0  1214.6 462.121
4 0 0  1214.6 462.121
5 0 0  1214.6 462.121
6 0 0  1214.6 462.121
7 0 0  1214.6 462.121
8 0 0  1214.6 462.121
9 0 0  1214.6 462.121
10 0 0  1214.6 462.121
11 1.47569 0.418963  1214.6 462.121
12 2.74144 0.628331  1214.6 462.121
13 4.42622 0.836889  1214.6 462.121
14 6.32239 1.46692  1214.6 462.121
15 8.01231 3.15476  1214.6 462.121
16 12.2224 4.6263  1214.6 462.121
17 18.1247 4.6251  1214.6 462.121
18 24.0205 6.94012  1214.6 462.121
19 33.9169 9.88522  1214.6 462.121
20 45.9247 14.7257  1214.6 462.121
21 58.569 17.4628  1214.6 462.121
22 73.7201 23.7793  1214.6 462.121
23 89.4982 30.3151  1214.6 462.121
24 109.274 40.0106  1214.6 462.121
25 136.671 49.2838  1214.6 462.121
26 163.194 57.0791  1214.6 462.121
27 191.838 67.3863  1214.6 462.121
28 221.343 82.3459  1214.6 462.121
29 253.344 96.0367  1214.6 462.121
30 296.299 114.144  1214.6 462.121
31 345.798 130.994  1214.6 462.121
32 396.358 150.165  1214.6 462.121
33 442.701 178.172  1214.6 462.121
34 512.222 200.891  1214.6 462.121
35 571.621 226.786  1214.6 462.121
36 640.269 251.218  1214.6 462.121
37 705.741 274.808  1214.6 462.121
38 779.483 303.026  1214.6 462.121
39 849.382 325.598  1214.6 462.121
40 903.523 345.608  1214.6 462.121
41 957.865 362.453  1214.6 462.121
42 996.611 378.042  1214.6 462.121
43 1030.51 387.732  1214.6 462.121
44 1053.48 398.679  1214.6 462.121
45 1073.51 406.488  1214.6 462.121
46 1092.47 412.598  1214.6 462.121
47 1108.05 417.866  1214.6 462.121
48 1121.1 422.914  1214.6 462.121
49 1129.3 427.555  1214.6 462.121
50 1137.51 431.139  1214.6 462.121
51 1145.95 434.512  1214.6 462.121
52 1152.05 436.61  1214.6 462.121
53 1157.94 438.512  1214.6 462.121
54 1162.58 440.618  1214.6 462.121
55 1167.85 442.516  1214.6 462.121
56 1171 444.411  1214.6 462.121
57 1174.58 446.1  1214.6 462.121
58 1178.16 447.155  1214.6 462.121
59 1180.27 448.626  1214.6 462.121
60 1181.53 449.471  1214.6 462.121
61 1184.49 450.311  1214.6 462.121
62 1186.8 451.365  1214.6 462.121
63 1190.59 451.79  1214.6 462.121
64 1192.07 452.424  1214.6 462.121
65 1193.33 453.056  1214.6 462.121
66 1193.75 453.268  1214.6 462.121
67 1194.81 453.903  1214.6 462.121
68 1196.07 454.742  1214.6 462.121
69 1197.76 454.952  1214.6 462.121
70 1198.82 455.164  1214.6 462.121
71 1199.03 455.375  1214.6 462.121
72 1199.24 456.43  1214.6 462.121
73 1199.66 456.85  1214.6 462.121
74 1200.29 457.059  1214.6 462.121
75 1200.5 457.269  1214.6 462.121
76 1201.13 457.479  1214.6 462.121
77 1201.97 457.692  1214.6 462.121
78 1202.4 457.692  1214.6 462.121
79 1203.45 457.9  1214.6 462.121
80 1204.29 458.534  1214.6 462.121
81 1205.34 458.746  1214.6 462.121
82 1206.18 458.956  1214.6 462.121
83 1207.02 459.168  1214.6 462.121
84 1207.23 459.168  1214.6 462.121
85 1207.23 459.378  1214.6 462.121
86 1207.44 459.378  1214.6 462.121
87 1207.44 459.378  1214.6 462.121
88 1207.86 459.588  1214.6 462.121
89 1207.86 459.801  1214.6 462.121
90 1208.07 460.012  1214.6 462.121
91 1208.5 460.012  1214.6 462.121
92 1208.91 460.012  1214.6 462.121
93 1209.55 460.012  1214.6 462.121
94 1210.39 460.012  1214.6 462.121
95 1210.39 460.012  1214.6 462.121
96 1210.6 460.223  1214.6 462.121
97 1211.02 460.853  1214.6 462.121
98 1211.24 460.853  1214.6 462.121
99 1211.45 460.853  1214.6 462.121
