0 0 0 781.881 473.839
1 0 0 781.881 473.839
2 0 0 781.881 473.839
3 0 0 781.881 473.839
4 0 0 781.881 473.839
5 0 0 781.881 473.839
6 0 0 781.881 473.839
7 0 0 781.881 473.839
8 0 0 781.881 473.839
9 0 0 781.881 473.839
10 0 0 781.881 473.839
11 1.18763 0.591445 781.881 473.839
12 3.57389 2.67704 781.881 473.839
13 10.7128 5.65449 781.881 473.839
14 19.9365 11.5966 781.881 473.839
15 36.5949 17.5404 781.881 473.839
16 63.3567 32.4224 781.881 473.839
17 100.189 52.064 781.881 473.839
18 144.232 74.0605 781.881 473.839
19 190.607 101.71 781.881 473.839
20 244.411 133.838 781.881 473.839
21 294.644 166.805 781.881 473.839
22 336.56 197.094 781.881 473.839
23 381.742 227.109 781.881 473.839
24 432.55 256.491 781.881 473.839
25 477.153 283.269 781.881 473.839
26 514.343 304.384 781.881 473.839
27 548.813 325.486 781.881 473.839
28 581.508 343.044 781.881 473.839
29 602.925 363.869 781.881 473.839
30 623.136 378.136 781.881 473.839
31 646.326 392.115 781.881 473.839
32 666.543 402.519 781.881 473.839
33 682.874 412.038 781.881 473.839
34 697.157 418.274 781.881 473.839
35 705.181 425.407 781.881 473.839
36 716.476 431.358 781.881 473.839
37 723.607 434.928 781.881 473.839
38 731.324 437.902 781.881 473.839
39 736.068 441.471 781.881 473.839
40 738.742 444.144 781.881 473.839
41 743.515 446.825 781.881 473.839
42 748.568 448.901 781.881 473.839
43 752.134 452.463 781.881 473.839
44 756.605 453.653 781.881 473.839
45 758.687 457.513 781.881 473.839
46 760.761 459.001 781.881 473.839
47 761.656 460.189 781.881 473.839
48 762.25 462.858 781.881 473.839
49 765.228 463.154 781.881 473.839
50 766.422 463.453 781.881 473.839
51 766.717 464.046 781.881 473.839
52 768.206 464.637 781.881 473.839
53 768.801 465.228 781.881 473.839
54 769.692 465.523 781.881 473.839
55 770.581 466.709 781.881 473.839
56 771.178 467.306 781.881 473.839
57 771.774 467.903 781.881 473.839
58 772.071 467.903 781.881 473.839
59 772.96 468.5 781.881 473.839
60 773.857 469.097 781.881 473.839
61 774.152 469.393 781.881 473.839
62 775.344 470.282 781.881 473.839
63 775.643 470.282 781.881 473.839
64 775.938 470.282 781.881 473.839
65 776.235 470.579 781.881 473.839
66 776.53 470.28 781.881 473.839
67 776.53 470.573 781.881 473.839
68 776.827 470.87 781.881 473.839
69 777.123 471.464 781.881 473.839
70 777.421 471.761 781.881 473.839
71 778.017 471.761 781.881 473.839
72 778.017 471.761 781.881 473.839
73 778.017 471.761 781.881 473.839
74 778.017 472.059 781.881 473.839
75 778.017 472.059 781.881 473.839
76 778.017 472.352 781.881 473.839
77 778.017 472.352 781.881 473.839
78 778.017 472.649 781.881 473.839
79 778.017 472.948 781.881 473.839
80 778.017 472.948 781.881 473.839
81 778.017 472.948 781.881 473.839
82 778.017 472.948 781.881 473.839
83 778.017 472.948 781.881 473.839
84 778.017 472.948 781.881 473.839
85 778.017 472.948 781.881 473.839
86 778.017 472.948 781.881 473.839
87 778.317 472.948 781.881 473.839
88 778.317 472.948 781.881 473.839
89 778.317 472.948 781.881 473.839
90 778.317 472.948 781.881 473.839
91 778.615 472.948 781.881 473.839
92 778.615 472.948 781.881 473.839
93 778.615 472.948 781.881 473.839
94 778.615 473.245 781.881 473.839
95 778.615 473.245 781.881 473.839
96 778.615 473.245 781.881 473.839
97 778.615 473.245 781.881 473.839
98 778.615 473.245 781.881 473.839
99 778.615 473.245 781.881 473.839
