0 0 0 574.61 340.832
1 0 0 574.61 340.832
2 0 0 574.61 340.832
3 0 0 574.61 340.832
4 0 0 574.61 340.832
5 0 0 574.61 340.832
6 0 0 574.61 340.832
7 0 0 574.61 340.832
8 0 0 574.61 340.832
9 0 0 574.61 340.832
10 0 0 574.61 340.832
11 1.77696 0.894053 574.61 340.832
12 3.55259 1.33795 574.61 340.832
13 7.76973 4.44208 574.61 340.832
14 12.4226 5.55486 574.61 340.832
15 17.5405 7.33609 574.61 340.832
16 23.5316 11.1139 574.61 340.832
17 33.0527 19.5523 574.61 340.832
18 44.3818 27.9892 574.61 340.832
19 56.5946 37.5516 574.61 340.832
20 70.3557 44.4211 574.61 340.832
21 91.4281 55.9778 574.61 340.832
22 114.309 69.959 574.61 340.832
23 136.507 81.7057 574.61 340.832
24 163.609 98.5936 574.61 340.832
25 195.996 119.016 574.61 340.832
26 222.887 139.885 574.61 340.832
27 255.508 159.428 574.61 340.832
28 296.151 179.646 574.61 340.832
29 337.027 198.534 574.61 340.832
30 374.105 222.285 574.61 340.832
31 404.331 242.046 574.61 340.832
32 434.287 258.475 574.61 340.832
33 455.388 268.03 574.61 340.832
34 473.606 279.788 574.61 340.832
35 487.815 288.453 574.61 340.832
36 495.343 293.774 574.61 340.832
37 505.992 300.218 574.61 340.832
38 511.986 305.094 574.61 340.832
39 519.088 308.639 574.61 340.832
40 524.863 311.753 574.61 340.832
41 527.974 314.197 574.61 340.832
42 533.081 316.859 574.61 340.832
43 536.637 318.631 574.61 340.832
44 540.406 320.848 574.61 340.832
45 543.514 322.185 574.61 340.832
46 546.183 323.958 574.61 340.832
47 548.624 325.512 574.61 340.832
48 551.284 325.955 574.61 340.832
49 553.728 326.837 574.61 340.832
50 556.396 328.619 574.61 340.832
51 557.51 330.173 574.61 340.832
52 559.505 330.839 574.61 340.832
53 560.836 331.063 574.61 340.832
54 561.728 331.956 574.61 340.832
55 562.836 332.178 574.61 340.832
56 562.836 332.84 574.61 340.832
57 563.279 333.506 574.61 340.832
58 563.723 333.506 574.61 340.832
59 564.608 334.172 574.61 340.832
60 565.275 334.174 574.61 340.832
61 565.721 334.842 574.61 340.832
62 566.166 335.064 574.61 340.832
63 566.166 335.286 574.61 340.832
64 566.832 335.953 574.61 340.832
65 567.054 335.953 574.61 340.832
66 567.277 336.175 574.61 340.832
67 567.499 336.398 574.61 340.832
68 567.941 336.844 574.61 340.832
69 568.383 336.844 574.61 340.832
70 568.829 336.844 574.61 340.832
71 568.829 337.511 574.61 340.832
72 569.495 337.511 574.61 340.832
73 569.495 337.511 574.61 340.832
74 569.716 337.511 574.61 340.832
75 570.162 338.181 574.61 340.832
76 570.162 338.402 574.61 340.832
77 570.162 338.402 574.61 340.832
78 570.388 338.402 574.61 340.832
79 570.612 338.402 574.61 340.832
80 570.834 338.625 574.61 340.832
81 571.056 338.625 574.61 340.832
82 571.276 338.625 574.61 340.832
83 571.276 338.625 574.61 340.832
84 571.498 338.625 574.61 340.832
85 571.723 338.625 574.61 340.832
86 571.723 338.845 574.61 340.832
87 571.723 338.845 574.61 340.832
88 571.723 338.845 574.61 340.832
89 571.723 339.065 574.61 340.832
90 571.945 339.065 574.61 340.832
91 572.391 339.065 574.61 340.832
92 572.391 339.065 574.61 340.832
93 572.391 339.065 574.61 340.832
94 572.391 339.065 574.61 340.832
95 572.391 339.065 574.61 340.832
96 572.391 339.065 574.61 340.832
97 572.614 339.289 574.61 340.832
98 572.614 339.289 574.61 340.832
99 572.614 339.728 574.61 340.832
