0 0 0  53.5213 21.3046
1 0 0  53.5213 21.3046
2 0 0  53.5213 21.3046
3 0 0  53.5213 21.3046
4 0 0  53.5213 21.3046
5 0 0  53.5213 21.3046
6 0 0  53.5213 21.3046
7 0 0  53.5213 21.3046
8 0 0  53.5213 21.3046
9 0 0  53.5213 21.3046
10 0 0  53.5213 21.3046
11 0 0  53.5213 21.3046
12 0 0  53.5213 21.3046
13 0.259812 0  53.5213 21.3046
14 0.259812 0.519624  53.5213 21.3046
15 0.259812 0.779437  53.5213 21.3046
16 0.259812 0.779437  53.5213 21.3046
17 1.03925 0.779437  53.5213 21.3046
18 1.29906 0.779437  53.5213 21.3046
19 2.33831 0.779437  53.5213 21.3046
20 2.85793 0.779437  53.5213 21.3046
21 3.11775 1.29906  53.5213 21.3046
22 4.67662 1.29906  53.5213 21.3046
23 5.97568 1.29906  53.5213 21.3046
24 7.79437 1.55887  53.5213 21.3046
25 8.5738 2.33831  53.5213 21.3046
26 9.35324 2.85793  53.5213 21.3046
27 10.1327 3.11775  53.5213 21.3046
28 12.2112 3.89718  53.5213 21.3046
29 13.77 4.67662  53.5213 21.3046
30 14.2897 4.93643  53.5213 21.3046
31 15.0691 6.23549  53.5213 21.3046
32 16.3682 6.75512  53.5213 21.3046
33 17.6672 7.79437  53.5213 21.3046
34 19.7457 8.5738  53.5213 21.3046
35 21.0448 9.61305  53.5213 21.3046
36 23.3831 10.3925  53.5213 21.3046
37 25.4616 10.6523  53.5213 21.3046
38 27.5401 11.1719  53.5213 21.3046
39 29.6186 11.9514  53.5213 21.3046
40 31.9569 12.7308  53.5213 21.3046
41 34.0354 14.5495  53.5213 21.3046
42 36.1139 15.3289  53.5213 21.3046
43 38.712 15.5887  53.5213 21.3046
44 41.57 16.1084  53.5213 21.3046
45 42.869 16.8878  53.5213 21.3046
46 44.4279 17.1476  53.5213 21.3046
47 45.9868 18.9663  53.5213 21.3046
48 47.8054 19.4859  53.5213 21.3046
49 50.1438 20.2654  53.5213 21.3046
50 53.5213 21.3046  53.5213 21.3046
51 53.5213 21.3046  53.5213 21.3046
52 53.5213 21.3046  53.5213 21.3046
53 53.5213 21.3046  53.5213 21.3046
54 53.5213 21.3046  53.5213 21.3046
55 53.5213 21.3046  53.5213 21.3046
56 53.5213 21.3046  53.5213 21.3046
57 53.5213 21.3046  53.5213 21.3046
58 53.5213 21.3046  53.5213 21.3046
59 53.5213 21.3046  53.5213 21.3046
60 53.5213 21.3046  53.5213 21.3046
61 53.5213 21.3046  53.5213 21.3046
62 53.5213 21.3046  53.5213 21.3046
63 53.5213 21.3046  53.5213 21.3046
64 53.5213 21.3046  53.5213 21.3046
65 53.5213 21.3046  53.5213 21.3046
66 53.5213 21.3046  53.5213 21.3046
67 53.5213 21.3046  53.5213 21.3046
68 53.5213 21.3046  53.5213 21.3046
69 53.5213 21.3046  53.5213 21.3046
70 53.5213 21.3046  53.5213 21.3046
71 53.5213 21.3046  53.5213 21.3046
72 53.5213 21.3046  53.5213 21.3046
73 53.5213 21.3046  53.5213 21.3046
74 53.5213 21.3046  53.5213 21.3046
75 53.5213 21.3046  53.5213 21.3046
76 53.5213 21.3046  53.5213 21.3046
77 53.5213 21.3046  53.5213 21.3046
78 53.5213 21.3046  53.5213 21.3046
79 53.5213 21.3046  53.5213 21.3046
80 53.5213 21.3046  53.5213 21.3046
81 53.5213 21.3046  53.5213 21.3046
82 53.5213 21.3046  53.5213 21.3046
83 53.5213 21.3046  53.5213 21.3046
84 53.5213 21.3046  53.5213 21.3046
85 53.5213 21.3046  53.5213 21.3046
86 53.5213 21.3046  53.5213 21.3046
87 53.5213 21.3046  53.5213 21.3046
88 53.5213 21.3046  53.5213 21.3046
89 53.5213 21.3046  53.5213 21.3046
90 53.5213 21.3046  53.5213 21.3046
91 53.5213 21.3046  53.5213 21.3046
92 53.5213 21.3046  53.5213 21.3046
93 53.5213 21.3046  53.5213 21.3046
94 53.5213 21.3046  53.5213 21.3046
95 53.5213 21.3046  53.5213 21.3046
96 53.5213 21.3046  53.5213 21.3046
97 53.5213 21.3046  53.5213 21.3046
98 53.5213 21.3046  53.5213 21.3046
99 53.5213 21.3046  53.5213 21.3046
