0 0 0 12.471 0
1 0 0 12.471 0
2 0 0 12.471 0
3 0 0 12.471 0
4 0 0 12.471 0
5 0 0 12.471 0
6 0 0 12.471 0
7 0 0 12.471 0
8 0 0 12.471 0
9 0 0 12.471 0
10 0 0 12.471 0
11 0 0 12.471 0
12 0 0 12.471 0
13 0 0 12.471 0
14 0 0 12.471 0
15 0 0 12.471 0
16 0 0 12.471 0
17 0 0 12.471 0
18 0 0 12.471 0
19 0 0 12.471 0
20 0.259812 0 12.471 0
21 0.259812 0 12.471 0
22 1.03925 0 12.471 0
23 1.55887 0 12.471 0
24 1.81869 0 12.471 0
25 1.81869 0 12.471 0
26 2.0785 0 12.471 0
27 2.0785 0 12.471 0
28 2.59812 0 12.471 0
29 2.85793 0 12.471 0
30 3.11775 0 12.471 0
31 3.11775 0 12.471 0
32 3.37756 0 12.471 0
33 3.63737 0 12.471 0
34 3.89718 0 12.471 0
35 3.89718 0 12.471 0
36 5.19624 0 12.471 0
37 5.45606 0 12.471 0
38 5.71587 0 12.471 0
39 5.97568 0 12.471 0
40 6.75512 0 12.471 0
41 7.53455 0 12.471 0
42 7.79437 0 12.471 0
43 8.83362 0 12.471 0
44 9.09343 0 12.471 0
45 9.61305 0 12.471 0
46 10.3925 0 12.471 0
47 10.6523 0 12.471 0
48 11.1719 0 12.471 0
49 11.9514 0 12.471 0
50 12.471 0 12.471 0
51 12.471 0 12.471 0
52 12.471 0 12.471 0
53 12.471 0 12.471 0
54 12.471 0 12.471 0
55 12.471 0 12.471 0
56 12.471 0 12.471 0
57 12.471 0 12.471 0
58 12.471 0 12.471 0
59 12.471 0 12.471 0
60 12.471 0 12.471 0
61 12.471 0 12.471 0
62 12.471 0 12.471 0
63 12.471 0 12.471 0
64 12.471 0 12.471 0
65 12.471 0 12.471 0
66 12.471 0 12.471 0
67 12.471 0 12.471 0
68 12.471 0 12.471 0
69 12.471 0 12.471 0
70 12.471 0 12.471 0
71 12.471 0 12.471 0
72 12.471 0 12.471 0
73 12.471 0 12.471 0
74 12.471 0 12.471 0
75 12.471 0 12.471 0
76 12.471 0 12.471 0
77 12.471 0 12.471 0
78 12.471 0 12.471 0
79 12.471 0 12.471 0
80 12.471 0 12.471 0
81 12.471 0 12.471 0
82 12.471 0 12.471 0
83 12.471 0 12.471 0
84 12.471 0 12.471 0
85 12.471 0 12.471 0
86 12.471 0 12.471 0
87 12.471 0 12.471 0
88 12.471 0 12.471 0
89 12.471 0 12.471 0
90 12.471 0 12.471 0
91 12.471 0 12.471 0
92 12.471 0 12.471 0
93 12.471 0 12.471 0
94 12.471 0 12.471 0
95 12.471 0 12.471 0
96 12.471 0 12.471 0
97 12.471 0 12.471 0
98 12.471 0 12.471 0
99 12.471 0 12.471 0
