0 16.8878 9.35324 16.8878 9.35324
1 16.8878 9.35324 16.8878 9.35324
2 16.8878 9.35324 16.8878 9.35324
3 16.8878 9.35324 16.8878 9.35324
4 16.8878 9.35324 16.8878 9.35324
5 16.8878 9.35324 16.8878 9.35324
6 16.8878 9.35324 16.8878 9.35324
7 16.8878 9.35324 16.8878 9.35324
8 16.8878 9.35324 16.8878 9.35324
9 16.8878 9.35324 16.8878 9.35324
10 16.8878 9.35324 16.8878 9.35324
11 16.8878 9.35324 16.8878 9.35324
12 16.8878 9.35324 16.8878 9.35324
13 16.628 9.35324 16.8878 9.35324
14 16.628 9.09343 16.8878 9.35324
15 16.628 9.09343 16.8878 9.35324
16 16.628 9.09343 16.8878 9.35324
17 16.3682 9.09343 16.8878 9.35324
18 16.1084 9.09343 16.8878 9.35324
19 16.1084 9.09343 16.8878 9.35324
20 16.1084 9.09343 16.8878 9.35324
21 15.8485 8.83362 16.8878 9.35324
22 15.5887 8.83362 16.8878 9.35324
23 15.0691 8.83362 16.8878 9.35324
24 15.0691 8.83362 16.8878 9.35324
25 14.5495 8.83362 16.8878 9.35324
26 14.2897 8.5738 16.8878 9.35324
27 14.0299 8.31399 16.8878 9.35324
28 13.77 7.79437 16.8878 9.35324
29 13.2504 7.27474 16.8878 9.35324
30 13.2504 7.27474 16.8878 9.35324
31 12.7308 6.75512 16.8878 9.35324
32 12.2112 6.49531 16.8878 9.35324
33 11.6916 5.71587 16.8878 9.35324
34 10.9121 4.93643 16.8878 9.35324
35 10.6523 4.93643 16.8878 9.35324
36 10.1327 4.67662 16.8878 9.35324
37 9.35324 4.67662 16.8878 9.35324
38 8.05418 4.157 16.8878 9.35324
39 7.27474 3.89718 16.8878 9.35324
40 6.49531 3.63737 16.8878 9.35324
41 5.97568 3.11775 16.8878 9.35324
42 5.19624 2.85793 16.8878 9.35324
43 4.41681 2.59812 16.8878 9.35324
44 3.63737 2.59812 16.8878 9.35324
45 3.11775 2.33831 16.8878 9.35324
46 2.59812 2.0785 16.8878 9.35324
47 2.0785 1.55887 16.8878 9.35324
48 1.81869 1.03925 16.8878 9.35324
49 1.55887 0.779437 16.8878 9.35324
50 0 0 16.8878 9.35324
51 0 0 16.8878 9.35324
52 0 0 16.8878 9.35324
53 0 0 16.8878 9.35324
54 0 0 16.8878 9.35324
55 0 0 16.8878 9.35324
56 0 0 16.8878 9.35324
57 0 0 16.8878 9.35324
58 0 0 16.8878 9.35324
59 0 0 16.8878 9.35324
60 0 0 16.8878 9.35324
61 0 0 16.8878 9.35324
62 0 0 16.8878 9.35324
63 0 0 16.8878 9.35324
64 0 0 16.8878 9.35324
65 0 0 16.8878 9.35324
66 0 0 16.8878 9.35324
67 0 0 16.8878 9.35324
68 0 0 16.8878 9.35324
69 0 0 16.8878 9.35324
70 0 0 16.8878 9.35324
71 0 0 16.8878 9.35324
72 0 0 16.8878 9.35324
73 0 0 16.8878 9.35324
74 0 0 16.8878 9.35324
75 0 0 16.8878 9.35324
76 0 0 16.8878 9.35324
77 0 0 16.8878 9.35324
78 0 0 16.8878 9.35324
79 0 0 16.8878 9.35324
80 0 0 16.8878 9.35324
81 0 0 16.8878 9.35324
82 0 0 16.8878 9.35324
83 0 0 16.8878 9.35324
84 0 0 16.8878 9.35324
85 0 0 16.8878 9.35324
86 0 0 16.8878 9.35324
87 0 0 16.8878 9.35324
88 0 0 16.8878 9.35324
89 0 0 16.8878 9.35324
90 0 0 16.8878 9.35324
91 0 0 16.8878 9.35324
92 0 0 16.8878 9.35324
93 0 0 16.8878 9.35324
94 0 0 16.8878 9.35324
95 0 0 16.8878 9.35324
96 0 0 16.8878 9.35324
97 0 0 16.8878 9.35324
98 0 0 16.8878 9.35324
99 0 0 16.8878 9.35324
