0 0 0 730 5
1 0 0 730 5
2 0 0 730 5
3 0 0 730 5
4 0 0 730 5
5 0 0 730 5
6 0 0 730 5
7 0 0 730 5
8 0 0 730 5
9 0 0 730 5
10 0 0 730 5
11 14 0 730 5
12 29 0 730 5
13 55 0 730 5
14 78 0 730 5
15 103 0 730 5
16 129 0 730 5
17 158 0 730 5
18 191 0 730 5
19 224 0 730 5
20 253 0 730 5
21 291 0 730 5
22 329 0 730 5
23 363 1 730 5
24 388 2 730 5
25 413 2 730 5
26 433 2 730 5
27 444 2 730 5
28 455 2 730 5
29 467 2 730 5
30 488 3 730 5
31 499 3 730 5
32 510 3 730 5
33 522 3 730 5
34 534 3 730 5
35 542 3 730 5
36 555 3 730 5
37 565 3 730 5
38 576 3 730 5
39 581 3 730 5
40 590 3 730 5
41 600 4 730 5
42 605 4 730 5
43 610 4 730 5
44 613 4 730 5
45 618 4 730 5
46 621 4 730 5
47 627 4 730 5
48 635 4 730 5
49 641 4 730 5
50 644 4 730 5
51 648 4 730 5
52 652 4 730 5
53 654 4 730 5
54 657 4 730 5
55 659 4 730 5
56 659 4 730 5
57 660 4 730 5
58 666 4 730 5
59 667 4 730 5
60 669 4 730 5
61 670 4 730 5
62 672 4 730 5
63 675 4 730 5
64 678 4 730 5
65 680 4 730 5
66 680 4 730 5
67 682 4 730 5
68 683 4 730 5
69 687 4 730 5
70 690 4 730 5
71 692 5 730 5
72 694 5 730 5
73 695 5 730 5
74 697 5 730 5
75 700 5 730 5
76 701 5 730 5
77 701 5 730 5
78 701 5 730 5
79 703 5 730 5
80 705 5 730 5
81 707 5 730 5
82 707 5 730 5
83 707 5 730 5
84 707 5 730 5
85 708 5 730 5
86 710 5 730 5
87 710 5 730 5
88 711 5 730 5
89 711 5 730 5
90 712 5 730 5
91 713 5 730 5
92 714 5 730 5
93 714 5 730 5
94 716 5 730 5
95 716 5 730 5
96 717 5 730 5
97 717 5 730 5
98 717 5 730 5
99 717 5 730 5
