0 0 0 140.446 3.90129
1 0 0 140.446 3.90129
2 0 0 140.446 3.90129
3 0 0 140.446 3.90129
4 0 0 140.446 3.90129
5 0 0 140.446 3.90129
6 0 0 140.446 3.90129
7 0 0 140.446 3.90129
8 0 0 140.446 3.90129
9 0 0 140.446 3.90129
10 0 0 140.446 3.90129
11 0 0 140.446 3.90129
12 0 0 140.446 3.90129
13 3.90129 0 140.446 3.90129
14 5.85193 0 140.446 3.90129
15 11.7039 0 140.446 3.90129
16 15.6052 0 140.446 3.90129
17 21.4571 0 140.446 3.90129
18 25.3584 0 140.446 3.90129
19 27.309 0 140.446 3.90129
20 42.9142 0 140.446 3.90129
21 42.9142 0 140.446 3.90129
22 50.7167 0 140.446 3.90129
23 52.6674 0 140.446 3.90129
24 62.4206 0 140.446 3.90129
25 72.1738 0 140.446 3.90129
26 85.8283 0 140.446 3.90129
27 91.6803 0 140.446 3.90129
28 95.5816 0 140.446 3.90129
29 101.433 0 140.446 3.90129
30 111.187 0 140.446 3.90129
31 117.039 0 140.446 3.90129
32 115.088 0 140.446 3.90129
33 120.94 0 140.446 3.90129
34 118.989 0 140.446 3.90129
35 122.891 1.95064 140.446 3.90129
36 128.743 1.95064 140.446 3.90129
37 128.743 1.95064 140.446 3.90129
38 128.743 1.95064 140.446 3.90129
39 130.693 1.95064 140.446 3.90129
40 128.743 1.95064 140.446 3.90129
41 128.743 1.95064 140.446 3.90129
42 130.693 1.95064 140.446 3.90129
43 132.644 1.95064 140.446 3.90129
44 132.644 1.95064 140.446 3.90129
45 130.693 1.95064 140.446 3.90129
46 132.644 3.90129 140.446 3.90129
47 132.644 3.90129 140.446 3.90129
48 132.644 3.90129 140.446 3.90129
49 134.594 3.90129 140.446 3.90129
50 140.446 3.90129 140.446 3.90129
51 140.446 3.90129 140.446 3.90129
52 140.446 3.90129 140.446 3.90129
53 140.446 3.90129 140.446 3.90129
54 140.446 3.90129 140.446 3.90129
55 140.446 3.90129 140.446 3.90129
56 140.446 3.90129 140.446 3.90129
57 140.446 3.90129 140.446 3.90129
58 140.446 3.90129 140.446 3.90129
59 140.446 3.90129 140.446 3.90129
60 140.446 3.90129 140.446 3.90129
61 140.446 3.90129 140.446 3.90129
62 140.446 3.90129 140.446 3.90129
63 140.446 3.90129 140.446 3.90129
64 140.446 3.90129 140.446 3.90129
65 140.446 3.90129 140.446 3.90129
66 140.446 3.90129 140.446 3.90129
67 140.446 3.90129 140.446 3.90129
68 140.446 3.90129 140.446 3.90129
69 140.446 3.90129 140.446 3.90129
70 140.446 3.90129 140.446 3.90129
71 140.446 3.90129 140.446 3.90129
72 140.446 3.90129 140.446 3.90129
73 140.446 3.90129 140.446 3.90129
74 140.446 3.90129 140.446 3.90129
75 140.446 3.90129 140.446 3.90129
76 140.446 3.90129 140.446 3.90129
77 140.446 3.90129 140.446 3.90129
78 140.446 3.90129 140.446 3.90129
79 140.446 3.90129 140.446 3.90129
80 140.446 3.90129 140.446 3.90129
81 140.446 3.90129 140.446 3.90129
82 140.446 3.90129 140.446 3.90129
83 140.446 3.90129 140.446 3.90129
84 140.446 3.90129 140.446 3.90129
85 140.446 3.90129 140.446 3.90129
86 140.446 3.90129 140.446 3.90129
87 140.446 3.90129 140.446 3.90129
88 140.446 3.90129 140.446 3.90129
89 140.446 3.90129 140.446 3.90129
90 140.446 3.90129 140.446 3.90129
91 140.446 3.90129 140.446 3.90129
92 140.446 3.90129 140.446 3.90129
93 140.446 3.90129 140.446 3.90129
94 140.446 3.90129 140.446 3.90129
95 140.446 3.90129 140.446 3.90129
96 140.446 3.90129 140.446 3.90129
97 140.446 3.90129 140.446 3.90129
98 140.446 3.90129 140.446 3.90129
99 140.446 3.90129 140.446 3.90129
