0 0 0 50.7167 0
1 0 0 50.7167 0
2 0 0 50.7167 0
3 0 0 50.7167 0
4 0 0 50.7167 0
5 0 0 50.7167 0
6 0 0 50.7167 0
7 0 0 50.7167 0
8 0 0 50.7167 0
9 0 0 50.7167 0
10 0 0 50.7167 0
11 1.95064 0 50.7167 0
12 3.90129 0 50.7167 0
13 1.95064 0 50.7167 0
14 3.90129 0 50.7167 0
15 1.95064 0 50.7167 0
16 1.95064 0 50.7167 0
17 1.95064 0 50.7167 0
18 3.90129 0 50.7167 0
19 3.90129 0 50.7167 0
20 5.85193 0 50.7167 0
21 5.85193 0 50.7167 0
22 5.85193 0 50.7167 0
23 5.85193 0 50.7167 0
24 15.6052 0 50.7167 0
25 21.4571 0 50.7167 0
26 23.4077 0 50.7167 0
27 23.4077 0 50.7167 0
28 25.3584 0 50.7167 0
29 29.2597 0 50.7167 0
30 29.2597 0 50.7167 0
31 31.2103 0 50.7167 0
32 31.2103 0 50.7167 0
33 33.1609 0 50.7167 0
34 33.1609 0 50.7167 0
35 33.1609 0 50.7167 0
36 35.1116 0 50.7167 0
37 35.1116 0 50.7167 0
38 37.0622 0 50.7167 0
39 37.0622 0 50.7167 0
40 39.0129 0 50.7167 0
41 40.9635 0 50.7167 0
42 42.9142 0 50.7167 0
43 42.9142 0 50.7167 0
44 44.8648 0 50.7167 0
45 44.8648 0 50.7167 0
46 46.8155 0 50.7167 0
47 46.8155 0 50.7167 0
48 46.8155 0 50.7167 0
49 48.7661 0 50.7167 0
50 50.7167 0 50.7167 0
51 50.7167 0 50.7167 0
52 50.7167 0 50.7167 0
53 50.7167 0 50.7167 0
54 50.7167 0 50.7167 0
55 50.7167 0 50.7167 0
56 50.7167 0 50.7167 0
57 50.7167 0 50.7167 0
58 50.7167 0 50.7167 0
59 50.7167 0 50.7167 0
60 50.7167 0 50.7167 0
61 50.7167 0 50.7167 0
62 50.7167 0 50.7167 0
63 50.7167 0 50.7167 0
64 50.7167 0 50.7167 0
65 50.7167 0 50.7167 0
66 50.7167 0 50.7167 0
67 50.7167 0 50.7167 0
68 50.7167 0 50.7167 0
69 50.7167 0 50.7167 0
70 50.7167 0 50.7167 0
71 50.7167 0 50.7167 0
72 50.7167 0 50.7167 0
73 50.7167 0 50.7167 0
74 50.7167 0 50.7167 0
75 50.7167 0 50.7167 0
76 50.7167 0 50.7167 0
77 50.7167 0 50.7167 0
78 50.7167 0 50.7167 0
79 50.7167 0 50.7167 0
80 50.7167 0 50.7167 0
81 50.7167 0 50.7167 0
82 50.7167 0 50.7167 0
83 50.7167 0 50.7167 0
84 50.7167 0 50.7167 0
85 50.7167 0 50.7167 0
86 50.7167 0 50.7167 0
87 50.7167 0 50.7167 0
88 50.7167 0 50.7167 0
89 50.7167 0 50.7167 0
90 50.7167 0 50.7167 0
91 50.7167 0 50.7167 0
92 50.7167 0 50.7167 0
93 50.7167 0 50.7167 0
94 50.7167 0 50.7167 0
95 50.7167 0 50.7167 0
96 50.7167 0 50.7167 0
97 50.7167 0 50.7167 0
98 50.7167 0 50.7167 0
99 50.7167 0 50.7167 0
