0 140.446 3.90129 140.446 3.90129
1 140.446 3.90129 140.446 3.90129
2 140.446 3.90129 140.446 3.90129
3 140.446 3.90129 140.446 3.90129
4 140.446 3.90129 140.446 3.90129
5 140.446 3.90129 140.446 3.90129
6 140.446 3.90129 140.446 3.90129
7 140.446 3.90129 140.446 3.90129
8 140.446 3.90129 140.446 3.90129
9 140.446 3.90129 140.446 3.90129
10 140.446 3.90129 140.446 3.90129
11 140.446 3.90129 140.446 3.90129
12 140.446 3.90129 140.446 3.90129
13 136.545 3.90129 140.446 3.90129
14 134.594 3.90129 140.446 3.90129
15 128.743 3.90129 140.446 3.90129
16 124.841 3.90129 140.446 3.90129
17 118.989 3.90129 140.446 3.90129
18 115.088 3.90129 140.446 3.90129
19 113.137 3.90129 140.446 3.90129
20 97.5322 3.90129 140.446 3.90129
21 97.5322 3.90129 140.446 3.90129
22 89.7296 3.90129 140.446 3.90129
23 87.779 3.90129 140.446 3.90129
24 78.0258 3.90129 140.446 3.90129
25 68.2725 3.90129 140.446 3.90129
26 54.618 3.90129 140.446 3.90129
27 48.7661 3.90129 140.446 3.90129
28 44.8648 3.90129 140.446 3.90129
29 39.0129 3.90129 140.446 3.90129
30 29.2597 3.90129 140.446 3.90129
31 23.4077 3.90129 140.446 3.90129
32 25.3584 3.90129 140.446 3.90129
33 19.5064 3.90129 140.446 3.90129
34 21.4571 3.90129 140.446 3.90129
35 17.5558 1.95064 140.446 3.90129
36 11.7039 1.95064 140.446 3.90129
37 11.7039 1.95064 140.446 3.90129
38 11.7039 1.95064 140.446 3.90129
39 9.75322 1.95064 140.446 3.90129
40 11.7039 1.95064 140.446 3.90129
41 11.7039 1.95064 140.446 3.90129
42 9.75322 1.95064 140.446 3.90129
43 7.80258 1.95064 140.446 3.90129
44 7.80258 1.95064 140.446 3.90129
45 9.75322 1.95064 140.446 3.90129
46 7.80258 0 140.446 3.90129
47 7.80258 0 140.446 3.90129
48 7.80258 0 140.446 3.90129
49 5.85193 0 140.446 3.90129
50 0 0 140.446 3.90129
51 0 0 140.446 3.90129
52 0 0 140.446 3.90129
53 0 0 140.446 3.90129
54 0 0 140.446 3.90129
55 0 0 140.446 3.90129
56 0 0 140.446 3.90129
57 0 0 140.446 3.90129
58 0 0 140.446 3.90129
59 0 0 140.446 3.90129
60 0 0 140.446 3.90129
61 0 0 140.446 3.90129
62 0 0 140.446 3.90129
63 0 0 140.446 3.90129
64 0 0 140.446 3.90129
65 0 0 140.446 3.90129
66 0 0 140.446 3.90129
67 0 0 140.446 3.90129
68 0 0 140.446 3.90129
69 0 0 140.446 3.90129
70 0 0 140.446 3.90129
71 0 0 140.446 3.90129
72 0 0 140.446 3.90129
73 0 0 140.446 3.90129
74 0 0 140.446 3.90129
75 0 0 140.446 3.90129
76 0 0 140.446 3.90129
77 0 0 140.446 3.90129
78 0 0 140.446 3.90129
79 0 0 140.446 3.90129
80 0 0 140.446 3.90129
81 0 0 140.446 3.90129
82 0 0 140.446 3.90129
83 0 0 140.446 3.90129
84 0 0 140.446 3.90129
85 0 0 140.446 3.90129
86 0 0 140.446 3.90129
87 0 0 140.446 3.90129
88 0 0 140.446 3.90129
89 0 0 140.446 3.90129
90 0 0 140.446 3.90129
91 0 0 140.446 3.90129
92 0 0 140.446 3.90129
93 0 0 140.446 3.90129
94 0 0 140.446 3.90129
95 0 0 140.446 3.90129
96 0 0 140.446 3.90129
97 0 0 140.446 3.90129
98 0 0 140.446 3.90129
99 0 0 140.446 3.90129
