0 0 0 180732 1124
1 0 0 180732 1124
2 0 0 180732 1124
3 0 0 180732 1124
4 0 0 180732 1124
5 0 0 180732 1124
6 0 0 180732 1124
7 0 0 180732 1124
8 0 0 180732 1124
9 0 0 180732 1124
10 0 0 180732 1124
11 422 3 180732 1124
12 995 7 180732 1124
13 1751 10 180732 1124
14 2720 13 180732 1124
15 3878 19 180732 1124
16 5235 27 180732 1124
17 6641 34 180732 1124
18 8094 43 180732 1124
19 9626 50 180732 1124
20 11157 63 180732 1124
21 12705 75 180732 1124
22 14254 82 180732 1124
23 15791 97 180732 1124
24 17196 109 180732 1124
25 18517 116 180732 1124
26 19832 130 180732 1124
27 21105 142 180732 1124
28 22369 154 180732 1124
29 23584 176 180732 1124
30 24804 192 180732 1124
31 26024 210 180732 1124
32 27246 228 180732 1124
33 28460 247 180732 1124
34 29726 260 180732 1124
35 30982 283 180732 1124
36 32276 296 180732 1124
37 33630 307 180732 1124
38 34991 324 180732 1124
39 36375 343 180732 1124
40 37858 368 180732 1124
41 39490 387 180732 1124
42 41133 405 180732 1124
43 42869 425 180732 1124
44 44723 437 180732 1124
45 46705 454 180732 1124
46 48856 468 180732 1124
47 51190 481 180732 1124
48 53631 501 180732 1124
49 56116 516 180732 1124
50 58697 527 180732 1124
51 61352 545 180732 1124
52 64043 560 180732 1124
53 66751 577 180732 1124
54 69437 588 180732 1124
55 72051 602 180732 1124
56 74714 617 180732 1124
57 77282 627 180732 1124
58 79852 639 180732 1124
59 82289 657 180732 1124
60 84693 662 180732 1124
61 87091 673 180732 1124
62 89431 684 180732 1124
63 91728 698 180732 1124
64 94000 705 180732 1124
65 96126 715 180732 1124
66 98260 727 180732 1124
67 100359 736 180732 1124
68 102407 744 180732 1124
69 104365 751 180732 1124
70 106311 766 180732 1124
71 108164 772 180732 1124
72 110039 782 180732 1124
73 111801 790 180732 1124
74 113526 801 180732 1124
75 115204 808 180732 1124
76 116796 814 180732 1124
77 118371 828 180732 1124
78 119929 833 180732 1124
79 121471 843 180732 1124
80 122949 846 180732 1124
81 124408 855 180732 1124
82 125742 864 180732 1124
83 127074 872 180732 1124
84 128378 877 180732 1124
85 129631 883 180732 1124
86 130902 891 180732 1124
87 132077 899 180732 1124
88 133282 907 180732 1124
89 134448 913 180732 1124
90 135572 920 180732 1124
91 136647 927 180732 1124
92 137680 933 180732 1124
93 138693 937 180732 1124
94 139718 944 180732 1124
95 140723 949 180732 1124
96 141636 952 180732 1124
97 142514 955 180732 1124
98 143359 964 180732 1124
99 144266 966 180732 1124
