0 540.898 7.80405 540.898 7.80405
1 540.898 7.80405 540.898 7.80405
2 540.898 7.80405 540.898 7.80405
3 540.898 7.80405 540.898 7.80405
4 540.898 7.80405 540.898 7.80405
5 540.898 7.80405 540.898 7.80405
6 540.898 7.80405 540.898 7.80405
7 540.898 7.80405 540.898 7.80405
8 540.898 7.80405 540.898 7.80405
9 540.898 7.80405 540.898 7.80405
10 540.898 7.80405 540.898 7.80405
11 538.77 7.7962 540.898 7.80405
12 535.08 7.76479 540.898 7.80405
13 530.039 7.70984 540.898 7.80405
14 523.217 7.67058 540.898 7.80405
15 513.693 7.61562 540.898 7.80405
16 502.144 7.48215 540.898 7.80405
17 489.684 7.38009 540.898 7.80405
18 475.662 7.23092 540.898 7.80405
19 460.8 7.09745 540.898 7.80405
20 445.043 6.90902 540.898 7.80405
21 429.246 6.73629 540.898 7.80405
22 412.139 6.58712 540.898 7.80405
23 395.8 6.35944 540.898 7.80405
24 380.467 6.17101 540.898 7.80405
25 366.123 5.92762 540.898 7.80405
26 351.331 5.70779 540.898 7.80405
27 336.964 5.53507 540.898 7.80405
28 322.706 5.32308 540.898 7.80405
29 308.912 5.01689 540.898 7.80405
30 296.185 4.73425 540.898 7.80405
31 282.822 4.4202 540.898 7.80405
32 270.127 4.13756 540.898 7.80405
33 257.298 3.90202 540.898 7.80405
34 244.399 3.65079 540.898 7.80405
35 231.86 3.376 540.898 7.80405
36 219.526 3.12476 540.898 7.80405
37 207.192 2.96774 540.898 7.80405
38 193.453 2.70865 540.898 7.80405
39 181.37 2.49667 540.898 7.80405
40 168.085 2.24543 540.898 7.80405
41 153.474 2.0256 540.898 7.80405
42 139.719 1.79006 540.898 7.80405
43 124.621 1.55453 540.898 7.80405
44 109.32 1.3347 540.898 7.80405
45 93.2168 1.10701 540.898 7.80405
46 75.6066 0.824371 540.898 7.80405
47 57.7217 0.628093 540.898 7.80405
48 39.0674 0.416111 540.898 7.80405
49 19.8477 0.251237 540.898 7.80405
50 0 0 540.898 7.80405
51 0 0 540.898 7.80405
52 0 0 540.898 7.80405
53 0 0 540.898 7.80405
54 0 0 540.898 7.80405
55 0 0 540.898 7.80405
56 0 0 540.898 7.80405
57 0 0 540.898 7.80405
58 0 0 540.898 7.80405
59 0 0 540.898 7.80405
60 0 0 540.898 7.80405
61 0 0 540.898 7.80405
62 0 0 540.898 7.80405
63 0 0 540.898 7.80405
64 0 0 540.898 7.80405
65 0 0 540.898 7.80405
66 0 0 540.898 7.80405
67 0 0 540.898 7.80405
68 0 0 540.898 7.80405
69 0 0 540.898 7.80405
70 0 0 540.898 7.80405
71 0 0 540.898 7.80405
72 0 0 540.898 7.80405
73 0 0 540.898 7.80405
74 0 0 540.898 7.80405
75 0 0 540.898 7.80405
76 0 0 540.898 7.80405
77 0 0 540.898 7.80405
78 0 0 540.898 7.80405
79 0 0 540.898 7.80405
80 0 0 540.898 7.80405
81 0 0 540.898 7.80405
82 0 0 540.898 7.80405
83 0 0 540.898 7.80405
84 0 0 540.898 7.80405
85 0 0 540.898 7.80405
86 0 0 540.898 7.80405
87 0 0 540.898 7.80405
88 0 0 540.898 7.80405
89 0 0 540.898 7.80405
90 0 0 540.898 7.80405
91 0 0 540.898 7.80405
92 0 0 540.898 7.80405
93 0 0 540.898 7.80405
94 0 0 540.898 7.80405
95 0 0 540.898 7.80405
96 0 0 540.898 7.80405
97 0 0 540.898 7.80405
98 0 0 540.898 7.80405
99 0 0 540.898 7.80405
