0 209.909 0.00785116 209.909 0.00785116
1 209.909 0.00785116 209.909 0.00785116
2 209.909 0.00785116 209.909 0.00785116
3 209.909 0.00785116 209.909 0.00785116
4 209.909 0.00785116 209.909 0.00785116
5 209.909 0.00785116 209.909 0.00785116
6 209.909 0.00785116 209.909 0.00785116
7 209.909 0.00785116 209.909 0.00785116
8 209.909 0.00785116 209.909 0.00785116
9 209.909 0.00785116 209.909 0.00785116
10 209.909 0.00785116 209.909 0.00785116
11 208.959 0.00785116 209.909 0.00785116
12 207.475 0.00785116 209.909 0.00785116
13 205.386 0.00785116 209.909 0.00785116
14 202.748 0.00785116 209.909 0.00785116
15 199.145 0.00785116 209.909 0.00785116
16 194.929 0.00785116 209.909 0.00785116
17 190.084 0.0157023 209.909 0.00785116
18 184.793 0.0157023 209.909 0.00785116
19 179.846 0.0157023 209.909 0.00785116
20 174.154 0.0157023 209.909 0.00785116
21 169.098 0.0157023 209.909 0.00785116
22 163.147 0.0157023 209.909 0.00785116
23 157.722 0.0157023 209.909 0.00785116
24 152.681 0.0157023 209.909 0.00785116
25 147.767 0.0157023 209.909 0.00785116
26 142.82 0.0157023 209.909 0.00785116
27 137.733 0.0157023 209.909 0.00785116
28 132.685 0.0157023 209.909 0.00785116
29 128.233 0.0157023 209.909 0.00785116
30 123.734 0.0157023 209.909 0.00785116
31 119.071 0.0157023 209.909 0.00785116
32 114.564 0.0157023 209.909 0.00785116
33 110.112 0.0157023 209.909 0.00785116
34 105.535 0.0157023 209.909 0.00785116
35 100.856 0.0157023 209.909 0.00785116
36 96.318 0.0157023 209.909 0.00785116
37 91.9842 0.00785116 209.909 0.00785116
38 86.8181 0 209.909 0.00785116
39 82.2252 0.00785116 209.909 0.00785116
40 76.8785 0.00785116 209.909 0.00785116
41 70.8959 0.00785116 209.909 0.00785116
42 65.2431 0.00785116 209.909 0.00785116
43 58.6246 0.00785116 209.909 0.00785116
44 51.8804 0.00785116 209.909 0.00785116
45 44.5004 0.00785116 209.909 0.00785116
46 36.6806 0 209.909 0.00785116
47 28.3662 0 209.909 0.00785116
48 19.0469 0 209.909 0.00785116
49 9.64907 0 209.909 0.00785116
50 0 0 209.909 0.00785116
51 0 0 209.909 0.00785116
52 0 0 209.909 0.00785116
53 0 0 209.909 0.00785116
54 0 0 209.909 0.00785116
55 0 0 209.909 0.00785116
56 0 0 209.909 0.00785116
57 0 0 209.909 0.00785116
58 0 0 209.909 0.00785116
59 0 0 209.909 0.00785116
60 0 0 209.909 0.00785116
61 0 0 209.909 0.00785116
62 0 0 209.909 0.00785116
63 0 0 209.909 0.00785116
64 0 0 209.909 0.00785116
65 0 0 209.909 0.00785116
66 0 0 209.909 0.00785116
67 0 0 209.909 0.00785116
68 0 0 209.909 0.00785116
69 0 0 209.909 0.00785116
70 0 0 209.909 0.00785116
71 0 0 209.909 0.00785116
72 0 0 209.909 0.00785116
73 0 0 209.909 0.00785116
74 0 0 209.909 0.00785116
75 0 0 209.909 0.00785116
76 0 0 209.909 0.00785116
77 0 0 209.909 0.00785116
78 0 0 209.909 0.00785116
79 0 0 209.909 0.00785116
80 0 0 209.909 0.00785116
81 0 0 209.909 0.00785116
82 0 0 209.909 0.00785116
83 0 0 209.909 0.00785116
84 0 0 209.909 0.00785116
85 0 0 209.909 0.00785116
86 0 0 209.909 0.00785116
87 0 0 209.909 0.00785116
88 0 0 209.909 0.00785116
89 0 0 209.909 0.00785116
90 0 0 209.909 0.00785116
91 0 0 209.909 0.00785116
92 0 0 209.909 0.00785116
93 0 0 209.909 0.00785116
94 0 0 209.909 0.00785116
95 0 0 209.909 0.00785116
96 0 0 209.909 0.00785116
97 0 0 209.909 0.00785116
98 0 0 209.909 0.00785116
99 0 0 209.909 0.00785116
