0 112.491 0.219832 112.491 0.219832
1 112.491 0.219832 112.491 0.219832
2 112.491 0.219832 112.491 0.219832
3 112.491 0.219832 112.491 0.219832
4 112.491 0.219832 112.491 0.219832
5 112.491 0.219832 112.491 0.219832
6 112.491 0.219832 112.491 0.219832
7 112.491 0.219832 112.491 0.219832
8 112.491 0.219832 112.491 0.219832
9 112.491 0.219832 112.491 0.219832
10 112.491 0.219832 112.491 0.219832
11 112.24 0.219832 112.491 0.219832
12 111.777 0.219832 112.491 0.219832
13 111.196 0.219832 112.491 0.219832
14 110.285 0.219832 112.491 0.219832
15 108.966 0.211981 112.491 0.219832
16 107.16 0.211981 112.491 0.219832
17 105.26 0.211981 112.491 0.219832
18 103.007 0.219832 112.491 0.219832
19 100.565 0.219832 112.491 0.219832
20 98.0295 0.219832 112.491 0.219832
21 95.4073 0.20413 112.491 0.219832
22 92.8949 0.196279 112.491 0.219832
23 90.3747 0.20413 112.491 0.219832
24 87.933 0.20413 112.491 0.219832
25 85.5933 0.20413 112.491 0.219832
26 83.2615 0.188428 112.491 0.219832
27 80.7648 0.188428 112.491 0.219832
28 78.5273 0.196279 112.491 0.219832
29 76.1484 0.180577 112.491 0.219832
30 74.1699 0.180577 112.491 0.219832
31 71.8538 0.180577 112.491 0.219832
32 69.891 0.180577 112.491 0.219832
33 67.3865 0.188428 112.491 0.219832
34 64.9526 0.172725 112.491 0.219832
35 62.6051 0.164874 112.491 0.219832
36 60.3675 0.172725 112.491 0.219832
37 57.6903 0.172725 112.491 0.219832
38 54.8168 0.164874 112.491 0.219832
39 52.0767 0.149172 112.491 0.219832
40 48.9206 0.149172 112.491 0.219832
41 45.1599 0.149172 112.491 0.219832
42 41.5876 0.141321 112.491 0.219832
43 37.6698 0.13347 112.491 0.219832
44 33.4773 0.117767 112.491 0.219832
45 28.8373 0.109916 112.491 0.219832
46 23.475 0.109916 112.491 0.219832
47 18.0498 0.0628093 112.491 0.219832
48 12.397 0.0314046 112.491 0.219832
49 6.48506 0.0235535 112.491 0.219832
50 0 0 112.491 0.219832
51 0 0 112.491 0.219832
52 0 0 112.491 0.219832
53 0 0 112.491 0.219832
54 0 0 112.491 0.219832
55 0 0 112.491 0.219832
56 0 0 112.491 0.219832
57 0 0 112.491 0.219832
58 0 0 112.491 0.219832
59 0 0 112.491 0.219832
60 0 0 112.491 0.219832
61 0 0 112.491 0.219832
62 0 0 112.491 0.219832
63 0 0 112.491 0.219832
64 0 0 112.491 0.219832
65 0 0 112.491 0.219832
66 0 0 112.491 0.219832
67 0 0 112.491 0.219832
68 0 0 112.491 0.219832
69 0 0 112.491 0.219832
70 0 0 112.491 0.219832
71 0 0 112.491 0.219832
72 0 0 112.491 0.219832
73 0 0 112.491 0.219832
74 0 0 112.491 0.219832
75 0 0 112.491 0.219832
76 0 0 112.491 0.219832
77 0 0 112.491 0.219832
78 0 0 112.491 0.219832
79 0 0 112.491 0.219832
80 0 0 112.491 0.219832
81 0 0 112.491 0.219832
82 0 0 112.491 0.219832
83 0 0 112.491 0.219832
84 0 0 112.491 0.219832
85 0 0 112.491 0.219832
86 0 0 112.491 0.219832
87 0 0 112.491 0.219832
88 0 0 112.491 0.219832
89 0 0 112.491 0.219832
90 0 0 112.491 0.219832
91 0 0 112.491 0.219832
92 0 0 112.491 0.219832
93 0 0 112.491 0.219832
94 0 0 112.491 0.219832
95 0 0 112.491 0.219832
96 0 0 112.491 0.219832
97 0 0 112.491 0.219832
98 0 0 112.491 0.219832
99 0 0 112.491 0.219832
