0 126.498 3.94128 126.498 3.94128
1 126.498 3.94128 126.498 3.94128
2 126.498 3.94128 126.498 3.94128
3 126.498 3.94128 126.498 3.94128
4 126.498 3.94128 126.498 3.94128
5 126.498 3.94128 126.498 3.94128
6 126.498 3.94128 126.498 3.94128
7 126.498 3.94128 126.498 3.94128
8 126.498 3.94128 126.498 3.94128
9 126.498 3.94128 126.498 3.94128
10 126.498 3.94128 126.498 3.94128
11 125.98 3.94128 126.498 3.94128
12 124.935 3.90988 126.498 3.94128
13 123.648 3.87062 126.498 3.94128
14 121.693 3.87062 126.498 3.94128
15 119.094 3.83922 126.498 3.94128
16 115.875 3.75285 126.498 3.94128
17 112.507 3.69789 126.498 3.94128
18 108.613 3.59583 126.498 3.94128
19 104.122 3.56443 126.498 3.94128
20 99.3878 3.46236 126.498 3.94128
21 94.8341 3.4231 126.498 3.94128
22 89.3697 3.376 126.498 3.94128
23 84.6433 3.20327 126.498 3.94128
24 80.2467 3.16402 126.498 3.94128
25 76.1798 3.01484 126.498 3.94128
26 71.7988 2.90493 126.498 3.94128
27 67.677 2.77931 126.498 3.94128
28 63.4766 2.66939 126.498 3.94128
29 59.6923 2.52022 126.498 3.94128
30 56.073 2.37105 126.498 3.94128
31 52.3829 2.24543 126.498 3.94128
32 48.7949 2.08056 126.498 3.94128
33 45.4111 1.93924 126.498 3.94128
34 42.0429 1.79791 126.498 3.94128
35 38.6826 1.6723 126.498 3.94128
36 35.5657 1.57808 126.498 3.94128
37 32.6687 1.48387 126.498 3.94128
38 29.1513 1.38965 126.498 3.94128
39 26.5605 1.24048 126.498 3.94128
40 23.789 1.14627 126.498 3.94128
41 20.9547 1.06776 126.498 3.94128
42 18.4581 0.910734 126.498 3.94128
43 15.7573 0.81652 126.498 3.94128
44 13.2606 0.667348 126.498 3.94128
45 11.1329 0.533879 126.498 3.94128
46 8.58131 0.416111 126.498 3.94128
47 6.29663 0.314046 126.498 3.94128
48 4.26318 0.227684 126.498 3.94128
49 2.08841 0.13347 126.498 3.94128
50 0 0 126.498 3.94128
51 0 0 126.498 3.94128
52 0 0 126.498 3.94128
53 0 0 126.498 3.94128
54 0 0 126.498 3.94128
55 0 0 126.498 3.94128
56 0 0 126.498 3.94128
57 0 0 126.498 3.94128
58 0 0 126.498 3.94128
59 0 0 126.498 3.94128
60 0 0 126.498 3.94128
61 0 0 126.498 3.94128
62 0 0 126.498 3.94128
63 0 0 126.498 3.94128
64 0 0 126.498 3.94128
65 0 0 126.498 3.94128
66 0 0 126.498 3.94128
67 0 0 126.498 3.94128
68 0 0 126.498 3.94128
69 0 0 126.498 3.94128
70 0 0 126.498 3.94128
71 0 0 126.498 3.94128
72 0 0 126.498 3.94128
73 0 0 126.498 3.94128
74 0 0 126.498 3.94128
75 0 0 126.498 3.94128
76 0 0 126.498 3.94128
77 0 0 126.498 3.94128
78 0 0 126.498 3.94128
79 0 0 126.498 3.94128
80 0 0 126.498 3.94128
81 0 0 126.498 3.94128
82 0 0 126.498 3.94128
83 0 0 126.498 3.94128
84 0 0 126.498 3.94128
85 0 0 126.498 3.94128
86 0 0 126.498 3.94128
87 0 0 126.498 3.94128
88 0 0 126.498 3.94128
89 0 0 126.498 3.94128
90 0 0 126.498 3.94128
91 0 0 126.498 3.94128
92 0 0 126.498 3.94128
93 0 0 126.498 3.94128
94 0 0 126.498 3.94128
95 0 0 126.498 3.94128
96 0 0 126.498 3.94128
97 0 0 126.498 3.94128
98 0 0 126.498 3.94128
99 0 0 126.498 3.94128
