0 0 0 209.909 0.00785116
1 0 0 209.909 0.00785116
2 0 0 209.909 0.00785116
3 0 0 209.909 0.00785116
4 0 0 209.909 0.00785116
5 0 0 209.909 0.00785116
6 0 0 209.909 0.00785116
7 0 0 209.909 0.00785116
8 0 0 209.909 0.00785116
9 0 0 209.909 0.00785116
10 0 0 209.909 0.00785116
11 0.94999 0 209.909 0.00785116
12 2.43386 0 209.909 0.00785116
13 4.52227 0 209.909 0.00785116
14 7.16025 0 209.909 0.00785116
15 10.7639 0 209.909 0.00785116
16 14.98 0 209.909 0.00785116
17 19.8242 -0.00785116 209.909 0.00785116
18 25.1159 -0.00785116 209.909 0.00785116
19 30.0621 -0.00785116 209.909 0.00785116
20 35.7542 -0.00785116 209.909 0.00785116
21 40.8103 -0.00785116 209.909 0.00785116
22 46.7615 -0.00785116 209.909 0.00785116
23 52.1866 -0.00785116 209.909 0.00785116
24 57.2271 -0.00785116 209.909 0.00785116
25 62.1419 -0.00785116 209.909 0.00785116
26 67.0881 -0.00785116 209.909 0.00785116
27 72.1757 -0.00785116 209.909 0.00785116
28 77.224 -0.00785116 209.909 0.00785116
29 81.6756 -0.00785116 209.909 0.00785116
30 86.1743 -0.00785116 209.909 0.00785116
31 90.8379 -0.00785116 209.909 0.00785116
32 95.3444 -0.00785116 209.909 0.00785116
33 99.7961 -0.00785116 209.909 0.00785116
34 104.373 -0.00785116 209.909 0.00785116
35 109.053 -0.00785116 209.909 0.00785116
36 113.591 -0.00785116 209.909 0.00785116
37 117.924 0 209.909 0.00785116
38 123.09 0.00785116 209.909 0.00785116
39 127.683 0 209.909 0.00785116
40 133.03 0 209.909 0.00785116
41 139.013 0 209.909 0.00785116
42 144.665 0 209.909 0.00785116
43 151.284 0 209.909 0.00785116
44 158.028 0 209.909 0.00785116
45 165.408 0 209.909 0.00785116
46 173.228 0.00785116 209.909 0.00785116
47 181.542 0.00785116 209.909 0.00785116
48 190.862 0.00785116 209.909 0.00785116
49 200.259 0.00785116 209.909 0.00785116
50 209.909 0.00785116 209.909 0.00785116
51 209.909 0.00785116 209.909 0.00785116
52 209.909 0.00785116 209.909 0.00785116
53 209.909 0.00785116 209.909 0.00785116
54 209.909 0.00785116 209.909 0.00785116
55 209.909 0.00785116 209.909 0.00785116
56 209.909 0.00785116 209.909 0.00785116
57 209.909 0.00785116 209.909 0.00785116
58 209.909 0.00785116 209.909 0.00785116
59 209.909 0.00785116 209.909 0.00785116
60 209.909 0.00785116 209.909 0.00785116
61 209.909 0.00785116 209.909 0.00785116
62 209.909 0.00785116 209.909 0.00785116
63 209.909 0.00785116 209.909 0.00785116
64 209.909 0.00785116 209.909 0.00785116
65 209.909 0.00785116 209.909 0.00785116
66 209.909 0.00785116 209.909 0.00785116
67 209.909 0.00785116 209.909 0.00785116
68 209.909 0.00785116 209.909 0.00785116
69 209.909 0.00785116 209.909 0.00785116
70 209.909 0.00785116 209.909 0.00785116
71 209.909 0.00785116 209.909 0.00785116
72 209.909 0.00785116 209.909 0.00785116
73 209.909 0.00785116 209.909 0.00785116
74 209.909 0.00785116 209.909 0.00785116
75 209.909 0.00785116 209.909 0.00785116
76 209.909 0.00785116 209.909 0.00785116
77 209.909 0.00785116 209.909 0.00785116
78 209.909 0.00785116 209.909 0.00785116
79 209.909 0.00785116 209.909 0.00785116
80 209.909 0.00785116 209.909 0.00785116
81 209.909 0.00785116 209.909 0.00785116
82 209.909 0.00785116 209.909 0.00785116
83 209.909 0.00785116 209.909 0.00785116
84 209.909 0.00785116 209.909 0.00785116
85 209.909 0.00785116 209.909 0.00785116
86 209.909 0.00785116 209.909 0.00785116
87 209.909 0.00785116 209.909 0.00785116
88 209.909 0.00785116 209.909 0.00785116
89 209.909 0.00785116 209.909 0.00785116
90 209.909 0.00785116 209.909 0.00785116
91 209.909 0.00785116 209.909 0.00785116
92 209.909 0.00785116 209.909 0.00785116
93 209.909 0.00785116 209.909 0.00785116
94 209.909 0.00785116 209.909 0.00785116
95 209.909 0.00785116 209.909 0.00785116
96 209.909 0.00785116 209.909 0.00785116
97 209.909 0.00785116 209.909 0.00785116
98 209.909 0.00785116 209.909 0.00785116
99 209.909 0.00785116 209.909 0.00785116
