0 0 0 126.498 3.94128
1 0 0 126.498 3.94128
2 0 0 126.498 3.94128
3 0 0 126.498 3.94128
4 0 0 126.498 3.94128
5 0 0 126.498 3.94128
6 0 0 126.498 3.94128
7 0 0 126.498 3.94128
8 0 0 126.498 3.94128
9 0 0 126.498 3.94128
10 0 0 126.498 3.94128
11 0.518176 0 126.498 3.94128
12 1.56238 0.0314046 126.498 3.94128
13 2.84997 0.0706604 126.498 3.94128
14 4.80491 0.0706604 126.498 3.94128
15 7.40364 0.102065 126.498 3.94128
16 10.6226 0.188428 126.498 3.94128
17 13.9908 0.243386 126.498 3.94128
18 17.8849 0.345451 126.498 3.94128
19 22.3758 0.376856 126.498 3.94128
20 27.11 0.478921 126.498 3.94128
21 31.6637 0.518176 126.498 3.94128
22 37.1281 0.565283 126.498 3.94128
23 41.8545 0.738009 126.498 3.94128
24 46.2512 0.777265 126.498 3.94128
25 50.3181 0.926436 126.498 3.94128
26 54.699 1.03635 126.498 3.94128
27 58.8209 1.16197 126.498 3.94128
28 63.0212 1.27189 126.498 3.94128
29 66.8055 1.42106 126.498 3.94128
30 70.4249 1.57023 126.498 3.94128
31 74.1149 1.69585 126.498 3.94128
32 77.7029 1.86072 126.498 3.94128
33 81.0867 2.00204 126.498 3.94128
34 84.4549 2.14337 126.498 3.94128
35 87.8152 2.26898 126.498 3.94128
36 90.9321 2.3632 126.498 3.94128
37 93.8292 2.45741 126.498 3.94128
38 97.3465 2.55163 126.498 3.94128
39 99.9374 2.7008 126.498 3.94128
40 102.709 2.79501 126.498 3.94128
41 105.543 2.87352 126.498 3.94128
42 108.04 3.03055 126.498 3.94128
43 110.741 3.12476 126.498 3.94128
44 113.237 3.27393 126.498 3.94128
45 115.365 3.4074 126.498 3.94128
46 117.917 3.52517 126.498 3.94128
47 120.201 3.62723 126.498 3.94128
48 122.235 3.7136 126.498 3.94128
49 124.409 3.80781 126.498 3.94128
50 126.498 3.94128 126.498 3.94128
51 126.498 3.94128 126.498 3.94128
52 126.498 3.94128 126.498 3.94128
53 126.498 3.94128 126.498 3.94128
54 126.498 3.94128 126.498 3.94128
55 126.498 3.94128 126.498 3.94128
56 126.498 3.94128 126.498 3.94128
57 126.498 3.94128 126.498 3.94128
58 126.498 3.94128 126.498 3.94128
59 126.498 3.94128 126.498 3.94128
60 126.498 3.94128 126.498 3.94128
61 126.498 3.94128 126.498 3.94128
62 126.498 3.94128 126.498 3.94128
63 126.498 3.94128 126.498 3.94128
64 126.498 3.94128 126.498 3.94128
65 126.498 3.94128 126.498 3.94128
66 126.498 3.94128 126.498 3.94128
67 126.498 3.94128 126.498 3.94128
68 126.498 3.94128 126.498 3.94128
69 126.498 3.94128 126.498 3.94128
70 126.498 3.94128 126.498 3.94128
71 126.498 3.94128 126.498 3.94128
72 126.498 3.94128 126.498 3.94128
73 126.498 3.94128 126.498 3.94128
74 126.498 3.94128 126.498 3.94128
75 126.498 3.94128 126.498 3.94128
76 126.498 3.94128 126.498 3.94128
77 126.498 3.94128 126.498 3.94128
78 126.498 3.94128 126.498 3.94128
79 126.498 3.94128 126.498 3.94128
80 126.498 3.94128 126.498 3.94128
81 126.498 3.94128 126.498 3.94128
82 126.498 3.94128 126.498 3.94128
83 126.498 3.94128 126.498 3.94128
84 126.498 3.94128 126.498 3.94128
85 126.498 3.94128 126.498 3.94128
86 126.498 3.94128 126.498 3.94128
87 126.498 3.94128 126.498 3.94128
88 126.498 3.94128 126.498 3.94128
89 126.498 3.94128 126.498 3.94128
90 126.498 3.94128 126.498 3.94128
91 126.498 3.94128 126.498 3.94128
92 126.498 3.94128 126.498 3.94128
93 126.498 3.94128 126.498 3.94128
94 126.498 3.94128 126.498 3.94128
95 126.498 3.94128 126.498 3.94128
96 126.498 3.94128 126.498 3.94128
97 126.498 3.94128 126.498 3.94128
98 126.498 3.94128 126.498 3.94128
99 126.498 3.94128 126.498 3.94128
