0 91.9999 3.63509 91.9999 3.63509
1 91.9999 3.63509 91.9999 3.63509
2 91.9999 3.63509 91.9999 3.63509
3 91.9999 3.63509 91.9999 3.63509
4 91.9999 3.63509 91.9999 3.63509
5 91.9999 3.63509 91.9999 3.63509
6 91.9999 3.63509 91.9999 3.63509
7 91.9999 3.63509 91.9999 3.63509
8 91.9999 3.63509 91.9999 3.63509
9 91.9999 3.63509 91.9999 3.63509
10 91.9999 3.63509 91.9999 3.63509
11 91.5916 3.62723 91.9999 3.63509
12 90.8928 3.62723 91.9999 3.63509
13 89.8094 3.61153 91.9999 3.63509
14 88.4904 3.57228 91.9999 3.63509
15 86.4883 3.55657 91.9999 3.63509
16 84.1801 3.50947 91.9999 3.63509
17 81.8326 3.45451 91.9999 3.63509
18 79.2496 3.39955 91.9999 3.63509
19 76.2661 3.29749 91.9999 3.63509
20 73.4711 3.21112 91.9999 3.63509
21 69.9067 3.09336 91.9999 3.63509
22 66.727 2.99914 91.9999 3.63509
23 63.0605 2.93633 91.9999 3.63509
24 59.606 2.78716 91.9999 3.63509
25 56.5833 2.69295 91.9999 3.63509
26 53.4507 2.59873 91.9999 3.63509
27 50.7891 2.55163 91.9999 3.63509
28 48.0177 2.44171 91.9999 3.63509
29 44.838 2.30039 91.9999 3.63509
30 42.2078 2.16692 91.9999 3.63509
31 39.5149 1.97849 91.9999 3.63509
32 36.8769 1.86072 91.9999 3.63509
33 34.3881 1.75866 91.9999 3.63509
34 31.8678 1.66445 91.9999 3.63509
35 29.7166 1.52312 91.9999 3.63509
36 27.2749 1.35825 91.9999 3.63509
37 24.8489 1.30329 91.9999 3.63509
38 22.6663 1.15412 91.9999 3.63509
39 20.5072 1.09916 91.9999 3.63509
40 18.4973 0.942139 91.9999 3.63509
41 16.4639 0.800818 91.9999 3.63509
42 14.4304 0.730158 91.9999 3.63509
43 12.5697 0.596688 91.9999 3.63509
44 10.7011 0.54173 91.9999 3.63509
45 8.74619 0.455367 91.9999 3.63509
46 6.86976 0.298344 91.9999 3.63509
47 5.00904 0.251237 91.9999 3.63509
48 3.3603 0.157023 91.9999 3.63509
49 1.62519 0.0942139 91.9999 3.63509
50 0 0 91.9999 3.63509
51 0 0 91.9999 3.63509
52 0 0 91.9999 3.63509
53 0 0 91.9999 3.63509
54 0 0 91.9999 3.63509
55 0 0 91.9999 3.63509
56 0 0 91.9999 3.63509
57 0 0 91.9999 3.63509
58 0 0 91.9999 3.63509
59 0 0 91.9999 3.63509
60 0 0 91.9999 3.63509
61 0 0 91.9999 3.63509
62 0 0 91.9999 3.63509
63 0 0 91.9999 3.63509
64 0 0 91.9999 3.63509
65 0 0 91.9999 3.63509
66 0 0 91.9999 3.63509
67 0 0 91.9999 3.63509
68 0 0 91.9999 3.63509
69 0 0 91.9999 3.63509
70 0 0 91.9999 3.63509
71 0 0 91.9999 3.63509
72 0 0 91.9999 3.63509
73 0 0 91.9999 3.63509
74 0 0 91.9999 3.63509
75 0 0 91.9999 3.63509
76 0 0 91.9999 3.63509
77 0 0 91.9999 3.63509
78 0 0 91.9999 3.63509
79 0 0 91.9999 3.63509
80 0 0 91.9999 3.63509
81 0 0 91.9999 3.63509
82 0 0 91.9999 3.63509
83 0 0 91.9999 3.63509
84 0 0 91.9999 3.63509
85 0 0 91.9999 3.63509
86 0 0 91.9999 3.63509
87 0 0 91.9999 3.63509
88 0 0 91.9999 3.63509
89 0 0 91.9999 3.63509
90 0 0 91.9999 3.63509
91 0 0 91.9999 3.63509
92 0 0 91.9999 3.63509
93 0 0 91.9999 3.63509
94 0 0 91.9999 3.63509
95 0 0 91.9999 3.63509
96 0 0 91.9999 3.63509
97 0 0 91.9999 3.63509
98 0 0 91.9999 3.63509
99 0 0 91.9999 3.63509
