0 0 0 161.047 1.09237
1 0 0 161.047 1.09237
2 0 0 161.047 1.09237
3 0 0 161.047 1.09237
4 0 0 161.047 1.09237
5 0 0 161.047 1.09237
6 0 0 161.047 1.09237
7 0 0 161.047 1.09237
8 0 0 161.047 1.09237
9 0 0 161.047 1.09237
10 0 0 161.047 1.09237
11 0 0 161.047 1.09237
12 0.624213 0 161.047 1.09237
13 1.71659 0 161.047 1.09237
14 2.96501 0 161.047 1.09237
15 3.12106 0 161.047 1.09237
16 3.74528 0 161.047 1.09237
17 5.30581 0 161.047 1.09237
18 8.58293 0 161.047 1.09237
19 10.1435 0 161.047 1.09237
20 12.6403 0 161.047 1.09237
21 15.4493 0 161.047 1.09237
22 19.1945 0 161.047 1.09237
23 23.7201 0 161.047 1.09237
24 28.5577 0 161.047 1.09237
25 31.2106 -0.156053 161.047 1.09237
26 36.5165 0 161.047 1.09237
27 41.198 0 161.047 1.09237
28 45.2554 0 161.047 1.09237
29 50.7173 0.156053 161.047 1.09237
30 56.1792 0.156053 161.047 1.09237
31 62.7334 0.312106 161.047 1.09237
32 68.6634 0.312106 161.047 1.09237
33 73.5011 0.312106 161.047 1.09237
34 78.9629 0.312106 161.047 1.09237
35 84.7369 0.312106 161.047 1.09237
36 89.8866 0.312106 161.047 1.09237
37 94.5682 0.46816 161.047 1.09237
38 102.839 0.780266 161.047 1.09237
39 105.96 0.936319 161.047 1.09237
40 111.89 0.936319 161.047 1.09237
41 117.04 0.936319 161.047 1.09237
42 121.097 0.936319 161.047 1.09237
43 127.027 0.936319 161.047 1.09237
44 132.177 0.936319 161.047 1.09237
45 137.327 0.936319 161.047 1.09237
46 142.945 0.936319 161.047 1.09237
47 148.407 1.09237 161.047 1.09237
48 152.464 1.09237 161.047 1.09237
49 158.082 1.09237 161.047 1.09237
50 161.047 1.09237 161.047 1.09237
51 161.047 1.09237 161.047 1.09237
52 161.047 1.09237 161.047 1.09237
53 161.047 1.09237 161.047 1.09237
54 161.047 1.09237 161.047 1.09237
55 161.047 1.09237 161.047 1.09237
56 161.047 1.09237 161.047 1.09237
57 161.047 1.09237 161.047 1.09237
58 161.047 1.09237 161.047 1.09237
59 161.047 1.09237 161.047 1.09237
60 161.047 1.09237 161.047 1.09237
61 161.047 1.09237 161.047 1.09237
62 161.047 1.09237 161.047 1.09237
63 161.047 1.09237 161.047 1.09237
64 161.047 1.09237 161.047 1.09237
65 161.047 1.09237 161.047 1.09237
66 161.047 1.09237 161.047 1.09237
67 161.047 1.09237 161.047 1.09237
68 161.047 1.09237 161.047 1.09237
69 161.047 1.09237 161.047 1.09237
70 161.047 1.09237 161.047 1.09237
71 161.047 1.09237 161.047 1.09237
72 161.047 1.09237 161.047 1.09237
73 161.047 1.09237 161.047 1.09237
74 161.047 1.09237 161.047 1.09237
75 161.047 1.09237 161.047 1.09237
76 161.047 1.09237 161.047 1.09237
77 161.047 1.09237 161.047 1.09237
78 161.047 1.09237 161.047 1.09237
79 161.047 1.09237 161.047 1.09237
80 161.047 1.09237 161.047 1.09237
81 161.047 1.09237 161.047 1.09237
82 161.047 1.09237 161.047 1.09237
83 161.047 1.09237 161.047 1.09237
84 161.047 1.09237 161.047 1.09237
85 161.047 1.09237 161.047 1.09237
86 161.047 1.09237 161.047 1.09237
87 161.047 1.09237 161.047 1.09237
88 161.047 1.09237 161.047 1.09237
89 161.047 1.09237 161.047 1.09237
90 161.047 1.09237 161.047 1.09237
91 161.047 1.09237 161.047 1.09237
92 161.047 1.09237 161.047 1.09237
93 161.047 1.09237 161.047 1.09237
94 161.047 1.09237 161.047 1.09237
95 161.047 1.09237 161.047 1.09237
96 161.047 1.09237 161.047 1.09237
97 161.047 1.09237 161.047 1.09237
98 161.047 1.09237 161.047 1.09237
99 161.047 1.09237 161.047 1.09237
