0 0 0 186.015 2.6529
1 0 0 186.015 2.6529
2 0 0 186.015 2.6529
3 0 0 186.015 2.6529
4 0 0 186.015 2.6529
5 0 0 186.015 2.6529
6 0 0 186.015 2.6529
7 0 0 186.015 2.6529
8 0 0 186.015 2.6529
9 0 0 186.015 2.6529
10 0 0 186.015 2.6529
11 0.46816 0 186.015 2.6529
12 1.87264 0.156053 186.015 2.6529
13 2.80896 0.312106 186.015 2.6529
14 4.52554 0.312106 186.015 2.6529
15 7.3345 0.46816 186.015 2.6529
16 9.51925 0.46816 186.015 2.6529
17 13.1085 0.624213 186.015 2.6529
18 16.3856 0.624213 186.015 2.6529
19 19.5067 0.936319 186.015 2.6529
20 23.8761 1.09237 186.015 2.6529
21 28.8698 1.24843 186.015 2.6529
22 33.3954 1.24843 186.015 2.6529
23 38.233 1.24843 186.015 2.6529
24 43.851 1.24843 186.015 2.6529
25 50.2491 1.24843 186.015 2.6529
26 56.4913 1.71659 186.015 2.6529
27 62.5773 1.71659 186.015 2.6529
28 67.2589 1.71659 186.015 2.6529
29 73.189 1.71659 186.015 2.6529
30 80.8356 1.71659 186.015 2.6529
31 86.7656 1.56053 186.015 2.6529
32 93.3198 1.71659 186.015 2.6529
33 100.81 1.87264 186.015 2.6529
34 107.521 2.02869 186.015 2.6529
35 115.948 2.02869 186.015 2.6529
36 122.346 2.3408 186.015 2.6529
37 129.68 2.49685 186.015 2.6529
38 135.454 2.49685 186.015 2.6529
39 142.008 2.49685 186.015 2.6529
40 148.094 2.49685 186.015 2.6529
41 153.4 2.49685 186.015 2.6529
42 156.99 2.6529 186.015 2.6529
43 162.607 2.6529 186.015 2.6529
44 166.353 2.6529 186.015 2.6529
45 170.722 2.6529 186.015 2.6529
46 174.155 2.6529 186.015 2.6529
47 178.369 2.6529 186.015 2.6529
48 181.178 2.6529 186.015 2.6529
49 183.831 2.6529 186.015 2.6529
50 186.015 2.6529 186.015 2.6529
51 186.015 2.6529 186.015 2.6529
52 186.015 2.6529 186.015 2.6529
53 186.015 2.6529 186.015 2.6529
54 186.015 2.6529 186.015 2.6529
55 186.015 2.6529 186.015 2.6529
56 186.015 2.6529 186.015 2.6529
57 186.015 2.6529 186.015 2.6529
58 186.015 2.6529 186.015 2.6529
59 186.015 2.6529 186.015 2.6529
60 186.015 2.6529 186.015 2.6529
61 186.015 2.6529 186.015 2.6529
62 186.015 2.6529 186.015 2.6529
63 186.015 2.6529 186.015 2.6529
64 186.015 2.6529 186.015 2.6529
65 186.015 2.6529 186.015 2.6529
66 186.015 2.6529 186.015 2.6529
67 186.015 2.6529 186.015 2.6529
68 186.015 2.6529 186.015 2.6529
69 186.015 2.6529 186.015 2.6529
70 186.015 2.6529 186.015 2.6529
71 186.015 2.6529 186.015 2.6529
72 186.015 2.6529 186.015 2.6529
73 186.015 2.6529 186.015 2.6529
74 186.015 2.6529 186.015 2.6529
75 186.015 2.6529 186.015 2.6529
76 186.015 2.6529 186.015 2.6529
77 186.015 2.6529 186.015 2.6529
78 186.015 2.6529 186.015 2.6529
79 186.015 2.6529 186.015 2.6529
80 186.015 2.6529 186.015 2.6529
81 186.015 2.6529 186.015 2.6529
82 186.015 2.6529 186.015 2.6529
83 186.015 2.6529 186.015 2.6529
84 186.015 2.6529 186.015 2.6529
85 186.015 2.6529 186.015 2.6529
86 186.015 2.6529 186.015 2.6529
87 186.015 2.6529 186.015 2.6529
88 186.015 2.6529 186.015 2.6529
89 186.015 2.6529 186.015 2.6529
90 186.015 2.6529 186.015 2.6529
91 186.015 2.6529 186.015 2.6529
92 186.015 2.6529 186.015 2.6529
93 186.015 2.6529 186.015 2.6529
94 186.015 2.6529 186.015 2.6529
95 186.015 2.6529 186.015 2.6529
96 186.015 2.6529 186.015 2.6529
97 186.015 2.6529 186.015 2.6529
98 186.015 2.6529 186.015 2.6529
99 186.015 2.6529 186.015 2.6529
