0 0 0 102.683 0
1 0 0 102.683 0
2 0 0 102.683 0
3 0 0 102.683 0
4 0 0 102.683 0
5 0 0 102.683 0
6 0 0 102.683 0
7 0 0 102.683 0
8 0 0 102.683 0
9 0 0 102.683 0
10 0 0 102.683 0
11 -0.312106 0 102.683 0
12 0.312106 0 102.683 0
13 2.49685 0 102.683 0
14 3.74528 0 102.683 0
15 5.14976 0 102.683 0
16 7.17845 0 102.683 0
17 8.73898 0 102.683 0
18 10.9237 0 102.683 0
19 13.4206 0 102.683 0
20 16.0735 0 102.683 0
21 18.4143 0 102.683 0
22 21.3793 0 102.683 0
23 24.1882 0 102.683 0
24 27.6214 0 102.683 0
25 31.2106 0 102.683 0
26 34.7999 0 102.683 0
27 38.077 0 102.683 0
28 41.198 0 102.683 0
29 44.7873 0 102.683 0
30 49.0007 0 102.683 0
31 52.5899 0 102.683 0
32 54.9307 0 102.683 0
33 56.8034 0 102.683 0
34 60.3926 0 102.683 0
35 64.2939 0 102.683 0
36 66.3226 0 102.683 0
37 69.7558 0 102.683 0
38 73.345 0 102.683 0
39 76.154 0 102.683 0
40 78.3387 0 102.683 0
41 81.4598 0 102.683 0
42 84.1127 0 102.683 0
43 87.0777 0 102.683 0
44 90.0427 0 102.683 0
45 92.5396 0 102.683 0
46 94.7243 0 102.683 0
47 97.2211 0 102.683 0
48 98.9377 0 102.683 0
49 100.186 0 102.683 0
50 102.683 0 102.683 0
51 102.683 0 102.683 0
52 102.683 0 102.683 0
53 102.683 0 102.683 0
54 102.683 0 102.683 0
55 102.683 0 102.683 0
56 102.683 0 102.683 0
57 102.683 0 102.683 0
58 102.683 0 102.683 0
59 102.683 0 102.683 0
60 102.683 0 102.683 0
61 102.683 0 102.683 0
62 102.683 0 102.683 0
63 102.683 0 102.683 0
64 102.683 0 102.683 0
65 102.683 0 102.683 0
66 102.683 0 102.683 0
67 102.683 0 102.683 0
68 102.683 0 102.683 0
69 102.683 0 102.683 0
70 102.683 0 102.683 0
71 102.683 0 102.683 0
72 102.683 0 102.683 0
73 102.683 0 102.683 0
74 102.683 0 102.683 0
75 102.683 0 102.683 0
76 102.683 0 102.683 0
77 102.683 0 102.683 0
78 102.683 0 102.683 0
79 102.683 0 102.683 0
80 102.683 0 102.683 0
81 102.683 0 102.683 0
82 102.683 0 102.683 0
83 102.683 0 102.683 0
84 102.683 0 102.683 0
85 102.683 0 102.683 0
86 102.683 0 102.683 0
87 102.683 0 102.683 0
88 102.683 0 102.683 0
89 102.683 0 102.683 0
90 102.683 0 102.683 0
91 102.683 0 102.683 0
92 102.683 0 102.683 0
93 102.683 0 102.683 0
94 102.683 0 102.683 0
95 102.683 0 102.683 0
96 102.683 0 102.683 0
97 102.683 0 102.683 0
98 102.683 0 102.683 0
99 102.683 0 102.683 0
