0 498.59 12.7964 498.59 12.7964
1 498.59 12.7964 498.59 12.7964
2 498.59 12.7964 498.59 12.7964
3 498.59 12.7964 498.59 12.7964
4 498.59 12.7964 498.59 12.7964
5 498.59 12.7964 498.59 12.7964
6 498.59 12.7964 498.59 12.7964
7 498.59 12.7964 498.59 12.7964
8 498.59 12.7964 498.59 12.7964
9 498.59 12.7964 498.59 12.7964
10 498.59 12.7964 498.59 12.7964
11 498.122 12.7964 498.59 12.7964
12 494.845 12.6403 498.59 12.7964
13 489.383 12.3282 498.59 12.7964
14 484.545 12.3282 498.59 12.7964
15 480.176 11.86 498.59 12.7964
16 474.09 11.86 498.59 12.7964
17 465.975 11.0798 498.59 12.7964
18 455.051 10.6116 498.59 12.7964
19 446.936 9.51925 498.59 12.7964
20 436.169 8.89503 498.59 12.7964
21 424.309 7.95871 498.59 12.7964
22 411.668 7.80266 498.59 12.7964
23 398.872 7.3345 498.59 12.7964
24 383.579 6.39818 498.59 12.7964
25 369.222 6.08608 498.59 12.7964
26 352.68 5.46186 498.59 12.7964
27 337.075 4.9937 498.59 12.7964
28 323.03 4.52554 498.59 12.7964
29 307.425 4.21344 498.59 12.7964
30 287.606 3.43317 498.59 12.7964
31 270.128 2.96501 498.59 12.7964
32 253.586 2.6529 498.59 12.7964
33 237.825 2.3408 498.59 12.7964
34 220.815 2.18474 498.59 12.7964
35 201.777 2.18474 498.59 12.7964
36 186.952 1.87264 498.59 12.7964
37 170.098 1.56053 498.59 12.7964
38 150.747 1.24843 498.59 12.7964
39 136.859 1.09237 498.59 12.7964
40 120.785 1.09237 498.59 12.7964
41 105.96 1.09237 498.59 12.7964
42 94.5682 0.780266 498.59 12.7964
43 78.8069 0.624213 498.59 12.7964
44 66.3226 0.46816 498.59 12.7964
45 53.2141 0.46816 498.59 12.7964
46 41.3541 0.624213 498.59 12.7964
47 28.0896 0.46816 498.59 12.7964
48 18.7264 0.46816 498.59 12.7964
49 8.11477 0.156053 498.59 12.7964
50 0 0 498.59 12.7964
51 0 0 498.59 12.7964
52 0 0 498.59 12.7964
53 0 0 498.59 12.7964
54 0 0 498.59 12.7964
55 0 0 498.59 12.7964
56 0 0 498.59 12.7964
57 0 0 498.59 12.7964
58 0 0 498.59 12.7964
59 0 0 498.59 12.7964
60 0 0 498.59 12.7964
61 0 0 498.59 12.7964
62 0 0 498.59 12.7964
63 0 0 498.59 12.7964
64 0 0 498.59 12.7964
65 0 0 498.59 12.7964
66 0 0 498.59 12.7964
67 0 0 498.59 12.7964
68 0 0 498.59 12.7964
69 0 0 498.59 12.7964
70 0 0 498.59 12.7964
71 0 0 498.59 12.7964
72 0 0 498.59 12.7964
73 0 0 498.59 12.7964
74 0 0 498.59 12.7964
75 0 0 498.59 12.7964
76 0 0 498.59 12.7964
77 0 0 498.59 12.7964
78 0 0 498.59 12.7964
79 0 0 498.59 12.7964
80 0 0 498.59 12.7964
81 0 0 498.59 12.7964
82 0 0 498.59 12.7964
83 0 0 498.59 12.7964
84 0 0 498.59 12.7964
85 0 0 498.59 12.7964
86 0 0 498.59 12.7964
87 0 0 498.59 12.7964
88 0 0 498.59 12.7964
89 0 0 498.59 12.7964
90 0 0 498.59 12.7964
91 0 0 498.59 12.7964
92 0 0 498.59 12.7964
93 0 0 498.59 12.7964
94 0 0 498.59 12.7964
95 0 0 498.59 12.7964
96 0 0 498.59 12.7964
97 0 0 498.59 12.7964
98 0 0 498.59 12.7964
99 0 0 498.59 12.7964
