0 48.8447 9.05109 48.8447 9.05109
1 48.8447 9.05109 48.8447 9.05109
2 48.8447 9.05109 48.8447 9.05109
3 48.8447 9.05109 48.8447 9.05109
4 48.8447 9.05109 48.8447 9.05109
5 48.8447 9.05109 48.8447 9.05109
6 48.8447 9.05109 48.8447 9.05109
7 48.8447 9.05109 48.8447 9.05109
8 48.8447 9.05109 48.8447 9.05109
9 48.8447 9.05109 48.8447 9.05109
10 48.8447 9.05109 48.8447 9.05109
11 48.5325 9.05109 48.8447 9.05109
12 47.9083 9.05109 48.8447 9.05109
13 46.6599 8.89503 48.8447 9.05109
14 46.0357 8.89503 48.8447 9.05109
15 46.0357 8.58293 48.8447 9.05109
16 44.7873 8.58293 48.8447 9.05109
17 43.3828 7.95871 48.8447 9.05109
18 41.198 7.49055 48.8447 9.05109
19 40.2617 6.71029 48.8447 9.05109
20 39.0133 6.24213 48.8447 9.05109
21 37.2967 5.46186 48.8447 9.05109
22 35.8922 5.30581 48.8447 9.05109
23 35.268 4.83765 48.8447 9.05109
24 33.8635 3.90133 48.8447 9.05109
25 32.147 3.43317 48.8447 9.05109
26 30.7425 3.43317 48.8447 9.05109
27 29.1819 2.96501 48.8447 9.05109
28 26.9972 2.49685 48.8447 9.05109
29 26.373 2.3408 48.8447 9.05109
30 23.8761 1.56053 48.8447 9.05109
31 22.4717 1.09237 48.8447 9.05109
32 20.7551 0.936319 48.8447 9.05109
33 19.1945 0.780266 48.8447 9.05109
34 17.9461 0.780266 48.8447 9.05109
35 17.0098 0.780266 48.8447 9.05109
36 15.7614 0.780266 48.8447 9.05109
37 14.3569 0.780266 48.8447 9.05109
38 12.6403 0.780266 48.8447 9.05109
39 11.2358 0.780266 48.8447 9.05109
40 9.36319 0.780266 48.8447 9.05109
41 8.11477 0.780266 48.8447 9.05109
42 7.02239 0.624213 48.8447 9.05109
43 5.77397 0.46816 48.8447 9.05109
44 5.14976 0.312106 48.8447 9.05109
45 4.05738 0.312106 48.8447 9.05109
46 3.43317 0.46816 48.8447 9.05109
47 2.3408 0.46816 48.8447 9.05109
48 1.56053 0.46816 48.8447 9.05109
49 0.46816 0.156053 48.8447 9.05109
50 0 0 48.8447 9.05109
51 0 0 48.8447 9.05109
52 0 0 48.8447 9.05109
53 0 0 48.8447 9.05109
54 0 0 48.8447 9.05109
55 0 0 48.8447 9.05109
56 0 0 48.8447 9.05109
57 0 0 48.8447 9.05109
58 0 0 48.8447 9.05109
59 0 0 48.8447 9.05109
60 0 0 48.8447 9.05109
61 0 0 48.8447 9.05109
62 0 0 48.8447 9.05109
63 0 0 48.8447 9.05109
64 0 0 48.8447 9.05109
65 0 0 48.8447 9.05109
66 0 0 48.8447 9.05109
67 0 0 48.8447 9.05109
68 0 0 48.8447 9.05109
69 0 0 48.8447 9.05109
70 0 0 48.8447 9.05109
71 0 0 48.8447 9.05109
72 0 0 48.8447 9.05109
73 0 0 48.8447 9.05109
74 0 0 48.8447 9.05109
75 0 0 48.8447 9.05109
76 0 0 48.8447 9.05109
77 0 0 48.8447 9.05109
78 0 0 48.8447 9.05109
79 0 0 48.8447 9.05109
80 0 0 48.8447 9.05109
81 0 0 48.8447 9.05109
82 0 0 48.8447 9.05109
83 0 0 48.8447 9.05109
84 0 0 48.8447 9.05109
85 0 0 48.8447 9.05109
86 0 0 48.8447 9.05109
87 0 0 48.8447 9.05109
88 0 0 48.8447 9.05109
89 0 0 48.8447 9.05109
90 0 0 48.8447 9.05109
91 0 0 48.8447 9.05109
92 0 0 48.8447 9.05109
93 0 0 48.8447 9.05109
94 0 0 48.8447 9.05109
95 0 0 48.8447 9.05109
96 0 0 48.8447 9.05109
97 0 0 48.8447 9.05109
98 0 0 48.8447 9.05109
99 0 0 48.8447 9.05109
