0 102.683 0 102.683 0
1 102.683 0 102.683 0
2 102.683 0 102.683 0
3 102.683 0 102.683 0
4 102.683 0 102.683 0
5 102.683 0 102.683 0
6 102.683 0 102.683 0
7 102.683 0 102.683 0
8 102.683 0 102.683 0
9 102.683 0 102.683 0
10 102.683 0 102.683 0
11 102.995 0 102.683 0
12 102.371 0 102.683 0
13 100.186 0 102.683 0
14 98.9377 0 102.683 0
15 97.5333 0 102.683 0
16 95.5046 0 102.683 0
17 93.944 0 102.683 0
18 91.7593 0 102.683 0
19 89.2624 0 102.683 0
20 86.6095 0 102.683 0
21 84.2687 0 102.683 0
22 81.3037 0 102.683 0
23 78.4948 0 102.683 0
24 75.0616 0 102.683 0
25 71.4724 0 102.683 0
26 67.8831 0 102.683 0
27 64.606 0 102.683 0
28 61.485 0 102.683 0
29 57.8957 0 102.683 0
30 53.6823 0 102.683 0
31 50.0931 0 102.683 0
32 47.7523 0 102.683 0
33 45.8796 0 102.683 0
34 42.2904 0 102.683 0
35 38.3891 0 102.683 0
36 36.3604 0 102.683 0
37 32.9272 0 102.683 0
38 29.338 0 102.683 0
39 26.529 0 102.683 0
40 24.3443 0 102.683 0
41 21.2232 0 102.683 0
42 18.5703 0 102.683 0
43 15.6053 0 102.683 0
44 12.6403 0 102.683 0
45 10.1435 0 102.683 0
46 7.95871 0 102.683 0
47 5.46186 0 102.683 0
48 3.74528 0 102.683 0
49 2.49685 0 102.683 0
50 0 0 102.683 0
51 0 0 102.683 0
52 0 0 102.683 0
53 0 0 102.683 0
54 0 0 102.683 0
55 0 0 102.683 0
56 0 0 102.683 0
57 0 0 102.683 0
58 0 0 102.683 0
59 0 0 102.683 0
60 0 0 102.683 0
61 0 0 102.683 0
62 0 0 102.683 0
63 0 0 102.683 0
64 0 0 102.683 0
65 0 0 102.683 0
66 0 0 102.683 0
67 0 0 102.683 0
68 0 0 102.683 0
69 0 0 102.683 0
70 0 0 102.683 0
71 0 0 102.683 0
72 0 0 102.683 0
73 0 0 102.683 0
74 0 0 102.683 0
75 0 0 102.683 0
76 0 0 102.683 0
77 0 0 102.683 0
78 0 0 102.683 0
79 0 0 102.683 0
80 0 0 102.683 0
81 0 0 102.683 0
82 0 0 102.683 0
83 0 0 102.683 0
84 0 0 102.683 0
85 0 0 102.683 0
86 0 0 102.683 0
87 0 0 102.683 0
88 0 0 102.683 0
89 0 0 102.683 0
90 0 0 102.683 0
91 0 0 102.683 0
92 0 0 102.683 0
93 0 0 102.683 0
94 0 0 102.683 0
95 0 0 102.683 0
96 0 0 102.683 0
97 0 0 102.683 0
98 0 0 102.683 0
99 0 0 102.683 0
