0 0 0 48.8447 9.05109
1 0 0 48.8447 9.05109
2 0 0 48.8447 9.05109
3 0 0 48.8447 9.05109
4 0 0 48.8447 9.05109
5 0 0 48.8447 9.05109
6 0 0 48.8447 9.05109
7 0 0 48.8447 9.05109
8 0 0 48.8447 9.05109
9 0 0 48.8447 9.05109
10 0 0 48.8447 9.05109
11 0.312106 0 48.8447 9.05109
12 0.936319 0 48.8447 9.05109
13 2.18474 0.156053 48.8447 9.05109
14 2.80896 0.156053 48.8447 9.05109
15 2.80896 0.46816 48.8447 9.05109
16 4.05738 0.46816 48.8447 9.05109
17 5.46186 1.09237 48.8447 9.05109
18 7.64661 1.56053 48.8447 9.05109
19 8.58293 2.3408 48.8447 9.05109
20 9.83135 2.80896 48.8447 9.05109
21 11.5479 3.58922 48.8447 9.05109
22 12.9524 3.74528 48.8447 9.05109
23 13.5766 4.21344 48.8447 9.05109
24 14.9811 5.14976 48.8447 9.05109
25 16.6977 5.61792 48.8447 9.05109
26 18.1022 5.61792 48.8447 9.05109
27 19.6627 6.08608 48.8447 9.05109
28 21.8474 6.55423 48.8447 9.05109
29 22.4717 6.71029 48.8447 9.05109
30 24.9685 7.49055 48.8447 9.05109
31 26.373 7.95871 48.8447 9.05109
32 28.0896 8.11477 48.8447 9.05109
33 29.6501 8.27082 48.8447 9.05109
34 30.8985 8.27082 48.8447 9.05109
35 31.8349 8.27082 48.8447 9.05109
36 33.0833 8.27082 48.8447 9.05109
37 34.4878 8.27082 48.8447 9.05109
38 36.2043 8.27082 48.8447 9.05109
39 37.6088 8.27082 48.8447 9.05109
40 39.4815 8.27082 48.8447 9.05109
41 40.7299 8.27082 48.8447 9.05109
42 41.8223 8.42687 48.8447 9.05109
43 43.0707 8.58293 48.8447 9.05109
44 43.6949 8.73898 48.8447 9.05109
45 44.7873 8.73898 48.8447 9.05109
46 45.4115 8.58293 48.8447 9.05109
47 46.5039 8.58293 48.8447 9.05109
48 47.2841 8.58293 48.8447 9.05109
49 48.3765 8.89503 48.8447 9.05109
50 48.8447 9.05109 48.8447 9.05109
51 48.8447 9.05109 48.8447 9.05109
52 48.8447 9.05109 48.8447 9.05109
53 48.8447 9.05109 48.8447 9.05109
54 48.8447 9.05109 48.8447 9.05109
55 48.8447 9.05109 48.8447 9.05109
56 48.8447 9.05109 48.8447 9.05109
57 48.8447 9.05109 48.8447 9.05109
58 48.8447 9.05109 48.8447 9.05109
59 48.8447 9.05109 48.8447 9.05109
60 48.8447 9.05109 48.8447 9.05109
61 48.8447 9.05109 48.8447 9.05109
62 48.8447 9.05109 48.8447 9.05109
63 48.8447 9.05109 48.8447 9.05109
64 48.8447 9.05109 48.8447 9.05109
65 48.8447 9.05109 48.8447 9.05109
66 48.8447 9.05109 48.8447 9.05109
67 48.8447 9.05109 48.8447 9.05109
68 48.8447 9.05109 48.8447 9.05109
69 48.8447 9.05109 48.8447 9.05109
70 48.8447 9.05109 48.8447 9.05109
71 48.8447 9.05109 48.8447 9.05109
72 48.8447 9.05109 48.8447 9.05109
73 48.8447 9.05109 48.8447 9.05109
74 48.8447 9.05109 48.8447 9.05109
75 48.8447 9.05109 48.8447 9.05109
76 48.8447 9.05109 48.8447 9.05109
77 48.8447 9.05109 48.8447 9.05109
78 48.8447 9.05109 48.8447 9.05109
79 48.8447 9.05109 48.8447 9.05109
80 48.8447 9.05109 48.8447 9.05109
81 48.8447 9.05109 48.8447 9.05109
82 48.8447 9.05109 48.8447 9.05109
83 48.8447 9.05109 48.8447 9.05109
84 48.8447 9.05109 48.8447 9.05109
85 48.8447 9.05109 48.8447 9.05109
86 48.8447 9.05109 48.8447 9.05109
87 48.8447 9.05109 48.8447 9.05109
88 48.8447 9.05109 48.8447 9.05109
89 48.8447 9.05109 48.8447 9.05109
90 48.8447 9.05109 48.8447 9.05109
91 48.8447 9.05109 48.8447 9.05109
92 48.8447 9.05109 48.8447 9.05109
93 48.8447 9.05109 48.8447 9.05109
94 48.8447 9.05109 48.8447 9.05109
95 48.8447 9.05109 48.8447 9.05109
96 48.8447 9.05109 48.8447 9.05109
97 48.8447 9.05109 48.8447 9.05109
98 48.8447 9.05109 48.8447 9.05109
99 48.8447 9.05109 48.8447 9.05109
