0 186.015 2.6529 186.015 2.6529
1 186.015 2.6529 186.015 2.6529
2 186.015 2.6529 186.015 2.6529
3 186.015 2.6529 186.015 2.6529
4 186.015 2.6529 186.015 2.6529
5 186.015 2.6529 186.015 2.6529
6 186.015 2.6529 186.015 2.6529
7 186.015 2.6529 186.015 2.6529
8 186.015 2.6529 186.015 2.6529
9 186.015 2.6529 186.015 2.6529
10 186.015 2.6529 186.015 2.6529
11 185.547 2.6529 186.015 2.6529
12 184.143 2.49685 186.015 2.6529
13 183.206 2.3408 186.015 2.6529
14 181.49 2.3408 186.015 2.6529
15 178.681 2.18474 186.015 2.6529
16 176.496 2.18474 186.015 2.6529
17 172.907 2.02869 186.015 2.6529
18 169.63 2.02869 186.015 2.6529
19 166.509 1.71659 186.015 2.6529
20 162.139 1.56053 186.015 2.6529
21 157.146 1.40448 186.015 2.6529
22 152.62 1.40448 186.015 2.6529
23 147.782 1.40448 186.015 2.6529
24 142.164 1.40448 186.015 2.6529
25 135.766 1.40448 186.015 2.6529
26 129.524 0.936319 186.015 2.6529
27 123.438 0.936319 186.015 2.6529
28 118.756 0.936319 186.015 2.6529
29 112.826 0.936319 186.015 2.6529
30 105.18 0.936319 186.015 2.6529
31 99.2498 1.09237 186.015 2.6529
32 92.6956 0.936319 186.015 2.6529
33 85.2051 0.780266 186.015 2.6529
34 78.4948 0.624213 186.015 2.6529
35 70.0679 0.624213 186.015 2.6529
36 63.6697 0.312106 186.015 2.6529
37 56.3352 0.156053 186.015 2.6529
38 50.5612 0.156053 186.015 2.6529
39 44.007 0.156053 186.015 2.6529
40 37.9209 0.156053 186.015 2.6529
41 32.6151 0.156053 186.015 2.6529
42 29.0259 0 186.015 2.6529
43 23.408 0 186.015 2.6529
44 19.6627 0 186.015 2.6529
45 15.2932 0 186.015 2.6529
46 11.86 0 186.015 2.6529
47 7.64661 0 186.015 2.6529
48 4.83765 0 186.015 2.6529
49 2.18474 0 186.015 2.6529
50 0 0 186.015 2.6529
51 0 0 186.015 2.6529
52 0 0 186.015 2.6529
53 0 0 186.015 2.6529
54 0 0 186.015 2.6529
55 0 0 186.015 2.6529
56 0 0 186.015 2.6529
57 0 0 186.015 2.6529
58 0 0 186.015 2.6529
59 0 0 186.015 2.6529
60 0 0 186.015 2.6529
61 0 0 186.015 2.6529
62 0 0 186.015 2.6529
63 0 0 186.015 2.6529
64 0 0 186.015 2.6529
65 0 0 186.015 2.6529
66 0 0 186.015 2.6529
67 0 0 186.015 2.6529
68 0 0 186.015 2.6529
69 0 0 186.015 2.6529
70 0 0 186.015 2.6529
71 0 0 186.015 2.6529
72 0 0 186.015 2.6529
73 0 0 186.015 2.6529
74 0 0 186.015 2.6529
75 0 0 186.015 2.6529
76 0 0 186.015 2.6529
77 0 0 186.015 2.6529
78 0 0 186.015 2.6529
79 0 0 186.015 2.6529
80 0 0 186.015 2.6529
81 0 0 186.015 2.6529
82 0 0 186.015 2.6529
83 0 0 186.015 2.6529
84 0 0 186.015 2.6529
85 0 0 186.015 2.6529
86 0 0 186.015 2.6529
87 0 0 186.015 2.6529
88 0 0 186.015 2.6529
89 0 0 186.015 2.6529
90 0 0 186.015 2.6529
91 0 0 186.015 2.6529
92 0 0 186.015 2.6529
93 0 0 186.015 2.6529
94 0 0 186.015 2.6529
95 0 0 186.015 2.6529
96 0 0 186.015 2.6529
97 0 0 186.015 2.6529
98 0 0 186.015 2.6529
99 0 0 186.015 2.6529
